9.920000434000000311e-01
9.520000815000000394e-01
8.800000547999999867e-01
7.760000824999999658e-01
6.400000452999999867e-01
4.960000217000000156e-01
3.840000331000000267e-01
2.800000309999999826e-01
2.080000043000000132e-01
1.600000112999999946e-01
1.120000035000000005e-01
8.000000570000000144e-02
6.400000299999999975e-02
5.600000549999999827e-02
4.800000410000000023e-02
4.800000410000000023e-02
4.800000410000000023e-02
3.200000149999999988e-02
4.800000410000000023e-02
4.000000279999999658e-02
1.952000141100000086e+00
1.880000114400000033e+00
1.744000077199999943e+00
1.536000132599999901e+00
1.288000106799999989e+00
1.000000000000000000e+00
7.520000339000000311e-01
5.520000457999999499e-01
3.840000331000000267e-01
2.880000173999999746e-01
2.080000043000000132e-01
1.520000099999999910e-01
1.120000035000000005e-01
8.800000700000000509e-02
7.200000439999999780e-02
6.400000299999999975e-02
5.600000549999999827e-02
4.800000410000000023e-02
4.800000410000000023e-02
4.800000410000000023e-02
2.960000038100000008e+00
2.839999914199999864e+00
2.660000085800000136e+00
2.339999914199999864e+00
1.940000057200000017e+00
1.519999980899999992e+00
1.120000004800000060e+00
8.199999928000000216e-01
6.000000237999999486e-01
4.199999869000000108e-01
3.199999928000000216e-01
2.400000095000000000e-01
1.799999922999999946e-01
1.199999972999999942e-01
1.000000015000000048e-01
1.400000006000000075e-01
1.199999972999999942e-01
1.000000015000000048e-01
1.000000015000000048e-01
1.000000015000000048e-01
