1.008000016200000015e+00
1.016000032400000030e+00
1.008000016200000015e+00
1.008000016200000015e+00
1.000000000000000000e+00
9.920000434000000311e-01
9.920000434000000311e-01
9.920000434000000311e-01
9.920000434000000311e-01
9.920000434000000311e-01
9.920000434000000311e-01
9.920000434000000311e-01
9.920000434000000311e-01
9.920000434000000311e-01
9.920000434000000311e-01
1.000000000000000000e+00
1.000000000000000000e+00
1.000000000000000000e+00
1.000000000000000000e+00
1.000000000000000000e+00
1.992000103000000077e+00
1.992000103000000077e+00
1.992000103000000077e+00
1.984000086800000062e+00
1.976000070600000047e+00
1.968000054400000032e+00
1.960000157400000109e+00
1.960000157400000109e+00
1.960000157400000109e+00
1.960000157400000109e+00
1.960000157400000109e+00
1.952000141100000086e+00
1.960000157400000109e+00
1.960000157400000109e+00
1.952000141100000086e+00
1.968000173599999902e+00
1.968000173599999902e+00
1.960000157400000109e+00
1.960000157400000109e+00
1.968000173599999902e+00
3.079999923699999975e+00
3.059999942800000206e+00
3.059999942800000206e+00
3.039999961899999992e+00
3.019999980900000214e+00
3.019999980900000214e+00
3.019999980900000214e+00
3.019999980900000214e+00
3.000000000000000000e+00
3.019999980900000214e+00
3.000000000000000000e+00
3.019999980900000214e+00
3.000000000000000000e+00
3.000000000000000000e+00
3.000000000000000000e+00
3.019999980900000214e+00
3.019999980900000214e+00
3.019999980900000214e+00
3.039999961899999992e+00
3.000000000000000000e+00
