,resistencia,marca_temporal_resistencia,tension_1,marca_temporal_tension_1,tension_2,marca_temporal_tension_2
0,19.956846,0.24609375,"(array([-0.0246 , -0.02458, -0.02456, ...,  0.02534,  0.02536,  0.02538]), array([-4.88, -4.88, -4.88, ...,  4.88,  4.88,  4.88]))",0.8398439884185791,"(array([-0.0246 , -0.02458, -0.02456, ...,  0.02534,  0.02536,  0.02538]), array([-0.16 , -0.16 , -0.16 , ...,  0.166,  0.166,  0.166]))",1.501465082168579
1,20.089205,4.230468988418579,"(array([-0.0246 , -0.02458, -0.02456, ...,  0.02534,  0.02536,  0.02538]), array([-4.88, -4.88, -4.88, ...,  4.96,  4.88,  4.96]))",4.781250238418579,"(array([-0.0246 , -0.02458, -0.02456, ...,  0.02534,  0.02536,  0.02538]), array([-0.16 , -0.16 , -0.16 , ...,  0.164,  0.164,  0.164]))",5.421875238418579
2,20.561978,8.171875238418579,"(array([-0.0246 , -0.02458, -0.02456, ...,  0.02534,  0.02536,  0.02538]), array([-4.88, -4.88, -4.88, ...,  4.88,  4.88,  4.88]))",8.746093988418579,"(array([-0.0246 , -0.02458, -0.02456, ...,  0.02534,  0.02536,  0.02538]), array([-0.158, -0.158, -0.16 , ...,  0.164,  0.164,  0.164]))",9.402344226837158
3,22.304816,12.1416015625,"(array([-0.0246 , -0.02458, -0.02456, ...,  0.02534,  0.02536,  0.02538]), array([-4.88, -4.88, -4.88, ...,  4.88,  4.88,  4.88]))",12.711914300918579,"(array([-0.0246 , -0.02458, -0.02456, ...,  0.02534,  0.02536,  0.02538]), array([-0.158, -0.158, -0.158, ...,  0.162,  0.16 ,  0.162]))",13.3525390625
4,27.034957,16.08203148841858,"(array([-0.0246 , -0.02458, -0.02456, ...,  0.02534,  0.02536,  0.02538]), array([-4.88, -4.88, -4.88, ...,  4.88,  4.88,  4.88]))",16.65234398841858,"(array([-0.0246 , -0.02458, -0.02456, ...,  0.02534,  0.02536,  0.02538]), array([-0.158, -0.154, -0.158, ...,  0.16 ,  0.16 ,  0.16 ]))",17.29296898841858
5,32.160882,20.02734398841858,"(array([-0.0246 , -0.02458, -0.02456, ...,  0.02534,  0.02536,  0.02538]), array([-4.96, -4.88, -4.88, ...,  4.96,  4.88,  4.88]))",20.58007836341858,"(array([-0.0246 , -0.02458, -0.02456, ...,  0.02534,  0.02536,  0.02538]), array([-0.154, -0.154, -0.154, ...,  0.158,  0.16 ,  0.16 ]))",21.22314453125
6,37.384606,23.97460961341858,"(array([-0.0246 , -0.02458, -0.02456, ...,  0.02534,  0.02536,  0.02538]), array([-4.88, -4.88, -4.88, ...,  4.88,  4.88,  4.88]))",24.54882836341858,"(array([-0.0246 , -0.02458, -0.02456, ...,  0.02534,  0.02536,  0.02538]), array([-0.152, -0.152, -0.152, ...,  0.156,  0.156,  0.156]))",25.20117211341858
7,42.307066,27.93896508216858,"(array([-0.0246 , -0.02458, -0.02456, ...,  0.02534,  0.02536,  0.02538]), array([-4.88, -4.88, -4.88, ...,  4.88,  4.96,  4.96]))",28.48876976966858,"(array([-0.0246 , -0.02458, -0.02456, ...,  0.02534,  0.02536,  0.02538]), array([-0.15 , -0.15 , -0.15 , ...,  0.152,  0.152,  0.156]))",29.12207055091858
8,46.571399,31.87207055091858,"(array([-0.0246 , -0.02458, -0.02456, ...,  0.02534,  0.02536,  0.02538]), array([-4.88, -4.88, -4.88, ...,  4.96,  4.88,  4.88]))",32.4423828125,"(array([-0.0246 , -0.02458, -0.02456, ...,  0.02534,  0.02536,  0.02538]), array([-0.15 , -0.146, -0.148, ...,  0.152,  0.152,  0.15 ]))",33.0908203125
9,50.412871,35.83349633216858,"(array([-0.0246 , -0.02458, -0.02456, ...,  0.02534,  0.02536,  0.02538]), array([-4.88, -4.88, -4.88, ...,  4.96,  4.96,  4.88]))",36.38476610183716,"(array([-0.0246 , -0.02458, -0.02456, ...,  0.02534,  0.02536,  0.02538]), array([-0.146, -0.144, -0.144, ...,  0.15 ,  0.15 ,  0.15 ]))",37.02539110183716
10,53.871721,39.77929711341858,"(array([-0.0246 , -0.02458, -0.02456, ...,  0.02534,  0.02536,  0.02538]), array([-4.88, -4.88, -4.88, ...,  4.88,  4.96,  4.96]))",40.35351586341858,"(array([-0.0246 , -0.02458, -0.02456, ...,  0.02534,  0.02536,  0.02538]), array([-0.142, -0.142, -0.142, ...,  0.144,  0.146,  0.148]))",41.00293016433716
11,57.005322,43.74218773841858,"(array([-0.0246 , -0.02458, -0.02456, ...,  0.02534,  0.02536,  0.02538]), array([-4.96, -4.88, -4.88, ...,  4.88,  4.88,  4.96]))",44.31640648841858,"(array([-0.0246 , -0.02458, -0.02456, ...,  0.02534,  0.02536,  0.02538]), array([-0.14 , -0.14 , -0.14 , ...,  0.144,  0.144,  0.142]))",44.96093773841858
12,59.878106,47.68652367591858,"(array([-0.0246 , -0.02458, -0.02456, ...,  0.02534,  0.02536,  0.02538]), array([-4.88, -4.88, -4.88, ...,  4.88,  4.88,  4.88]))",48.27636742591858,"(array([-0.0246 , -0.02458, -0.02456, ...,  0.02534,  0.02536,  0.02538]), array([-0.138, -0.136, -0.138, ...,  0.142,  0.14 ,  0.14 ]))",48.95996117591858
13,62.5639,51.71191430091858,"(array([-0.0246 , -0.02458, -0.02456, ...,  0.02534,  0.02536,  0.02538]), array([-4.88, -4.88, -4.88, ...,  4.88,  4.88,  4.88]))",52.27441430091858,"(array([-0.0246 , -0.02458, -0.02456, ...,  0.02534,  0.02536,  0.02538]), array([-0.134, -0.134, -0.134, ...,  0.138,  0.138,  0.138]))",52.9267578125
14,65.018359,55.68115258216858,"(array([-0.0246 , -0.02458, -0.02456, ...,  0.02534,  0.02536,  0.02538]), array([-4.88, -4.88, -4.88, ...,  4.88,  4.88,  4.88]))",56.24804711341858,"(array([-0.0246 , -0.02458, -0.02456, ...,  0.02534,  0.02536,  0.02538]), array([-0.132, -0.132, -0.132, ...,  0.136,  0.136,  0.136]))",56.89257836341858
15,67.318997,59.63476586341858,"(array([-0.0246 , -0.02458, -0.02456, ...,  0.02534,  0.02536,  0.02538]), array([-4.88, -4.88, -4.88, ...,  4.96,  4.8 ,  4.88]))",60.20507836341858,"(array([-0.0246 , -0.02458, -0.02456, ...,  0.02534,  0.02536,  0.02538]), array([-0.13 , -0.13 , -0.128, ...,  0.134,  0.132,  0.132]))",60.85498070716858
16,69.461878,63.59814476966858,"(array([-0.0246 , -0.02458, -0.02456, ...,  0.02534,  0.02536,  0.02538]), array([-4.88, -4.8 , -4.88, ...,  4.88,  4.88,  4.96]))",64.15380883216858,"(array([-0.0246 , -0.02458, -0.02456, ...,  0.02534,  0.02536,  0.02538]), array([-0.124, -0.124, -0.126, ...,  0.128,  0.128,  0.128]))",64.80224633216858
17,71.468615,67.55468797683716,"(array([-0.0246 , -0.02458, -0.02456, ...,  0.02534,  0.02536,  0.02538]), array([-4.88, -4.8 , -4.88, ...,  4.88,  4.88,  4.88]))",68.12109398841858,"(array([-0.0246 , -0.02458, -0.02456, ...,  0.02534,  0.02536,  0.02538]), array([-0.12 , -0.122, -0.122, ...,  0.124,  0.126,  0.126]))",68.76562523841858
18,73.345139,71.50097680091858,"(array([-0.0246 , -0.02458, -0.02456, ...,  0.02534,  0.02536,  0.02538]), array([-4.88, -4.88, -4.88, ...,  4.88,  4.88,  4.88]))",72.0791015625,"(array([-0.0246 , -0.02458, -0.02456, ...,  0.02534,  0.02536,  0.02538]), array([-0.118, -0.118, -0.118, ...,  0.122,  0.122,  0.12 ]))",72.7314453125
19,75.107181,75.45898461341858,"(array([-0.0246 , -0.02458, -0.02456, ...,  0.02534,  0.02536,  0.02538]), array([-4.88, -4.88, -4.88, ...,  4.88,  4.88,  4.8 ]))",76.00683617591858,"(array([-0.0246 , -0.02458, -0.02456, ...,  0.02534,  0.02536,  0.02538]), array([-0.114, -0.114, -0.116, ...,  0.116,  0.118,  0.118]))",76.64843773841858
20,76.74228,79.40234398841858,"(array([-0.0246 , -0.02458, -0.02456, ...,  0.02534,  0.02536,  0.02538]), array([-4.88, -4.88, -4.88, ...,  4.88,  4.88,  4.88]))",79.94921875,"(array([-0.0246 , -0.02458, -0.02456, ...,  0.02534,  0.02536,  0.02538]), array([-0.11 , -0.11 , -0.11 , ...,  0.114,  0.114,  0.114]))",80.5869140625
21,78.282906,83.34179735183716,"(array([-0.0246 , -0.02458, -0.02456, ...,  0.02534,  0.02536,  0.02538]), array([-4.88, -4.8 , -4.88, ...,  4.88,  4.88,  4.88]))",83.91601610183716,"(array([-0.0246 , -0.02458, -0.02456, ...,  0.02534,  0.02536,  0.02538]), array([-0.106, -0.108, -0.108, ...,  0.11 ,  0.112,  0.11 ]))",84.56445360183716
22,79.739468,87.30273461341858,"(array([-0.0246 , -0.02458, -0.02456, ...,  0.02534,  0.02536,  0.02538]), array([-4.8 , -4.88, -4.88, ...,  4.88,  4.88,  4.88]))",87.87695336341858,"(array([-0.0246 , -0.02458, -0.02456, ...,  0.02534,  0.02536,  0.02538]), array([-0.1  , -0.102, -0.1  , ...,  0.104,  0.106,  0.104]))",88.70117211341858
23,81.226208,91.61523461341858,"(array([-0.0246 , -0.02458, -0.02456, ...,  0.02534,  0.02536,  0.02538]), array([-4.88, -4.88, -4.88, ...,  4.88,  4.88,  4.88]))",92.18164110183716,"(array([-0.0246 , -0.02458, -0.02456, ...,  0.02534,  0.02536,  0.02538]), array([-0.096, -0.096, -0.096, ...,  0.102,  0.1  ,  0.1  ]))",92.83789110183716
24,82.517488,95.59179711341858,"(array([-0.0246 , -0.02458, -0.02456, ...,  0.02534,  0.02536,  0.02538]), array([-4.8 , -4.88, -4.8 , ...,  4.88,  4.88,  4.88]))",96.16259789466858,"(array([-0.0246 , -0.02458, -0.02456, ...,  0.02534,  0.02536,  0.02538]), array([-0.092, -0.088, -0.088, ...,  0.094,  0.096,  0.092]))",96.80761742591858
25,83.725655,99.54589867591858,"(array([-0.0246 , -0.02458, -0.02456, ...,  0.02534,  0.02536,  0.02538]), array([-4.88, -4.88, -4.88, ...,  4.96,  4.88,  4.96]))",100.1357421875,"(array([-0.0246 , -0.02458, -0.02456, ...,  0.02534,  0.02536,  0.02538]), array([-0.084, -0.084, -0.084, ...,  0.086,  0.088,  0.086]))",100.7958984375
26,84.87873,103.52343773841858,"(array([-0.0246 , -0.02458, -0.02456, ...,  0.02534,  0.02536,  0.02538]), array([-4.88, -4.88, -4.88, ...,  4.88,  4.88,  4.88]))",104.09375023841858,"(array([-0.0246 , -0.02458, -0.02456, ...,  0.02534,  0.02536,  0.02538]), array([-0.078, -0.076, -0.076, ...,  0.082,  0.078,  0.08 ]))",104.73828148841858
27,85.967687,107.47168016433716,"(array([-0.0246 , -0.02458, -0.02456, ...,  0.02534,  0.02536,  0.02538]), array([-4.88, -4.88, -4.88, ...,  4.96,  4.88,  4.88]))",108.04589891433716,"(array([-0.0246 , -0.02458, -0.02456, ...,  0.02534,  0.02536,  0.02538]), array([-0.068, -0.066, -0.068, ...,  0.07 ,  0.07 ,  0.07 ]))",108.69433641433716
28,87.005148,111.42675805091858,"(array([-0.0246 , -0.02458, -0.02456, ...,  0.02534,  0.02536,  0.02538]), array([-4.88, -4.88, -4.88, ...,  4.88,  4.96,  4.88]))",112.00488305091858,"(array([-0.0246 , -0.02458, -0.02456, ...,  0.02534,  0.02536,  0.02538]), array([-0.058, -0.058, -0.06 , ...,  0.062,  0.062,  0.062]))",112.65722680091858
29,87.990096,115.39550805091858,"(array([-0.0246 , -0.02458, -0.02456, ...,  0.02534,  0.02536,  0.02538]), array([-4.88, -4.88, -4.88, ...,  4.88,  4.88,  4.88]))",115.97070336341858,"(array([-0.0246 , -0.02458, -0.02456, ...,  0.02534,  0.02536,  0.02538]), array([-0.048, -0.048, -0.048, ...,  0.05 ,  0.05 ,  0.052]))",116.62402367591858
30,88.926443,119.36621117591858,"(array([-0.0246 , -0.02458, -0.02456, ...,  0.02534,  0.02536,  0.02538]), array([-4.8 , -4.88, -4.88, ...,  4.88,  4.88,  4.88]))",119.94042992591858,"(array([-0.0246 , -0.02458, -0.02456, ...,  0.02534,  0.02536,  0.02538]), array([-0.038, -0.038, -0.038, ...,  0.04 ,  0.04 ,  0.044]))",120.58886742591858
31,89.813137,123.32031273841858,"(array([-0.0246 , -0.02458, -0.02456, ...,  0.02534,  0.02536,  0.02538]), array([-4.88, -4.88, -4.88, ...,  4.88,  4.88,  4.88]))",123.88671898841858,"(array([-0.0246 , -0.02458, -0.02456, ...,  0.02534,  0.02536,  0.02538]), array([-0.028, -0.028, -0.03 , ...,  0.032,  0.032,  0.034]))",124.52734398841858
32,90.654307,127.26074242591858,"(array([-0.0246 , -0.02458, -0.02456, ...,  0.02534,  0.02536,  0.02538]), array([-4.8 , -4.8 , -4.8 , ...,  4.88,  4.88,  4.88]))",127.83105492591858,"(array([-0.0246 , -0.02458, -0.02456, ...,  0.02534,  0.02536,  0.02538]), array([-0.022, -0.022, -0.022, ...,  0.024,  0.024,  0.024]))",128.47558617591858
33,91.456453,131.20898461341858,"(array([-0.0246 , -0.02458, -0.02456, ...,  0.02534,  0.02536,  0.02538]), array([-4.88, -4.88, -4.88, ...,  4.96,  4.88,  4.88]))",131.77539110183716,"(array([-0.0246 , -0.02458, -0.02456, ...,  0.02534,  0.02536,  0.02538]), array([-0.018, -0.018, -0.018, ...,  0.02 ,  0.02 ,  0.02 ]))",132.41601610183716
34,92.220664,135.15429711341858,"(array([-0.0246 , -0.02458, -0.02456, ...,  0.02534,  0.02536,  0.02538]), array([-4.88, -4.88, -4.88, ...,  4.88,  4.88,  4.88]))",135.72705125808716,"(array([-0.0246 , -0.02458, -0.02456, ...,  0.02534,  0.02536,  0.02538]), array([-0.014, -0.014, -0.014, ...,  0.018,  0.016,  0.018]))",136.37402391433716
35,92.95012,139.10644555091858,"(array([-0.0246 , -0.02458, -0.02456, ...,  0.02534,  0.02536,  0.02538]), array([-4.8 , -4.88, -4.88, ...,  4.88,  4.88,  4.88]))",139.67285180091858,"(array([-0.0246 , -0.02458, -0.02456, ...,  0.02534,  0.02536,  0.02538]), array([-0.014, -0.014, -0.012, ...,  0.014,  0.016,  0.016]))",140.31738305091858
36,93.645545,143.05273461341858,"(array([-0.0246 , -0.02458, -0.02456, ...,  0.02534,  0.02536,  0.02538]), array([-4.88, -4.88, -4.88, ...,  4.88,  4.88,  4.88]))",143.62695336341858,"(array([-0.0246 , -0.02458, -0.02456, ...,  0.02534,  0.02536,  0.02538]), array([-0.01 , -0.01 , -0.012, ...,  0.014,  0.014,  0.016]))",144.27929711341858
37,94.310679,147.0166015625,"(array([-0.0246 , -0.02458, -0.02456, ...,  0.02534,  0.02536,  0.02538]), array([-4.88, -4.8 , -4.88, ...,  4.88,  4.8 ,  4.88]))",147.5947265625,"(array([-0.0246 , -0.02458, -0.02456, ...,  0.02534,  0.02536,  0.02538]), array([-0.01 , -0.012, -0.01 , ...,  0.014,  0.014,  0.014]))",148.26269555091858
38,94.951981,151.0166015625,"(array([-0.0246 , -0.02458, -0.02456, ...,  0.02534,  0.02536,  0.02538]), array([-4.8 , -4.88, -4.88, ...,  4.88,  4.88,  4.88]))",151.5830078125,"(array([-0.0246 , -0.02458, -0.02456, ...,  0.02534,  0.02536,  0.02538]), array([-0.01 , -0.01 , -0.01 , ...,  0.014,  0.014,  0.012]))",152.2470703125
39,95.557804,155.00097680091858,"(array([-0.0246 , -0.02458, -0.02456, ...,  0.02534,  0.02536,  0.02538]), array([-4.88, -4.88, -4.88, ...,  4.88,  4.8 ,  4.88]))",155.55957055091858,"(array([-0.0246 , -0.02458, -0.02456, ...,  0.02534,  0.02536,  0.02538]), array([-0.01 , -0.01 , -0.01 , ...,  0.014,  0.012,  0.014]))",156.21240258216858
40,96.133565,158.970703125,"(array([-0.0246 , -0.02458, -0.02456, ...,  0.02534,  0.02536,  0.02538]), array([-4.88, -4.88, -4.88, ...,  4.88,  4.88,  4.88]))",159.544921875,"(array([-0.0246 , -0.02458, -0.02456, ...,  0.02534,  0.02536,  0.02538]), array([-0.01 , -0.008, -0.01 , ...,  0.014,  0.012,  0.014]))",160.189453125
41,96.67868,162.91699266433716,"(array([-0.0246 , -0.02458, -0.02456, ...,  0.02534,  0.02536,  0.02538]), array([-4.88, -4.88, -4.88, ...,  4.88,  4.88,  4.88]))",163.49511766433716,"(array([-0.0246 , -0.02458, -0.02456, ...,  0.02534,  0.02536,  0.02538]), array([-0.008, -0.01 , -0.008, ...,  0.012,  0.012,  0.014]))",164.14746117591858
42,97.199057,166.87890648841858,"(array([-0.0246 , -0.02458, -0.02456, ...,  0.02534,  0.02536,  0.02538]), array([-4.8 , -4.88, -4.88, ...,  4.88,  4.88,  4.88]))",167.44531273841858,"(array([-0.0246 , -0.02458, -0.02456, ...,  0.02534,  0.02536,  0.02538]), array([-0.008, -0.008, -0.006, ...,  0.012,  0.012,  0.012]))",168.08593773841858
43,97.69195,170.82470726966858,"(array([-0.0246 , -0.02458, -0.02456, ...,  0.02534,  0.02536,  0.02538]), array([-4.8 , -4.88, -4.8 , ...,  4.8 ,  4.88,  4.88]))",171.37988305091858,"(array([-0.0246 , -0.02458, -0.02456, ...,  0.02534,  0.02536,  0.02538]), array([-0.01 , -0.008, -0.008, ...,  0.014,  0.014,  0.012]))",172.02441430091858
44,98.160053,174.77929711341858,"(array([-0.0246 , -0.02458, -0.02456, ...,  0.02534,  0.02536,  0.02538]), array([-4.88, -4.88, -4.88, ...,  4.88,  4.88,  4.88]))",175.35839867591858,"(array([-0.0246 , -0.02458, -0.02456, ...,  0.02534,  0.02536,  0.02538]), array([-0.008, -0.008, -0.01 , ...,  0.012,  0.012,  0.01 ]))",176.01171898841858
45,98.605602,178.7509765625,"(array([-0.0246 , -0.02458, -0.02456, ...,  0.02534,  0.02536,  0.02538]), array([-4.88, -4.8 , -4.8 , ...,  4.96,  4.88,  4.88]))",179.30566430091858,"(array([-0.0246 , -0.02458, -0.02456, ...,  0.02534,  0.02536,  0.02538]), array([-0.008, -0.008, -0.01 , ...,  0.012,  0.012,  0.012]))",179.95019555091858
46,99.02295,182.70410180091858,"(array([-0.0246 , -0.02458, -0.02456, ...,  0.02534,  0.02536,  0.02538]), array([-4.88, -4.88, -4.88, ...,  4.88,  4.88,  4.88]))",183.28613305091858,"(array([-0.0246 , -0.02458, -0.02456, ...,  0.02534,  0.02536,  0.02538]), array([-0.01 , -0.008, -0.01 , ...,  0.012,  0.014,  0.012]))",183.93847680091858
47,99.416709,186.66601586341858,"(array([-0.0246 , -0.02458, -0.02456, ...,  0.02534,  0.02536,  0.02538]), array([-4.8 , -4.88, -4.88, ...,  4.88,  4.88,  4.88]))",187.24023461341858,"(array([-0.0246 , -0.02458, -0.02456, ...,  0.02534,  0.02536,  0.02538]), array([-0.008, -0.008, -0.008, ...,  0.012,  0.012,  0.01 ]))",187.88867211341858
48,99.81037,190.62695336341858,"(array([-0.0246 , -0.02458, -0.02456, ...,  0.02534,  0.02536,  0.02538]), array([-4.8 , -4.88, -4.88, ...,  4.88,  4.88,  4.88]))",191.19335961341858,"(array([-0.0246 , -0.02458, -0.02456, ...,  0.02534,  0.02536,  0.02538]), array([-0.008, -0.008, -0.01 , ...,  0.012,  0.012,  0.012]))",191.83789086341858
49,100.18211,194.58007836341858,"(array([-0.0246 , -0.02458, -0.02456, ...,  0.02534,  0.02536,  0.02538]), array([-4.88, -4.72, -4.88, ...,  4.88,  4.88,  4.88]))",195.15869164466858,"(array([-0.0246 , -0.02458, -0.02456, ...,  0.02534,  0.02536,  0.02538]), array([-0.008, -0.01 , -0.008, ...,  0.012,  0.012,  0.014]))",195.80859398841858
50,100.54022,198.54394555091858,"(array([-0.0246 , -0.02458, -0.02456, ...,  0.02534,  0.02536,  0.02538]), array([-4.88, -4.88, -4.88, ...,  4.88,  4.88,  4.96]))",199.09863305091858,"(array([-0.0246 , -0.02458, -0.02456, ...,  0.02534,  0.02536,  0.02538]), array([-0.008, -0.006, -0.008, ...,  0.012,  0.012,  0.012]))",199.74316430091858
51,100.88372,202.49121117591858,"(array([-0.0246 , -0.02458, -0.02456, ...,  0.02534,  0.02536,  0.02538]), array([-4.88, -4.88, -4.88, ...,  4.88,  4.88,  4.88]))",203.05761742591858,"(array([-0.0246 , -0.02458, -0.02456, ...,  0.02534,  0.02536,  0.02538]), array([-0.008, -0.01 , -0.008, ...,  0.012,  0.012,  0.01 ]))",203.70214867591858
52,101.21235,206.43945336341858,"(array([-0.0246 , -0.02458, -0.02456, ...,  0.02534,  0.02536,  0.02538]), array([-4.96, -4.88, -4.88, ...,  4.88,  4.88,  4.88]))",207.02148461341858,"(array([-0.0246 , -0.02458, -0.02456, ...,  0.02534,  0.02536,  0.02538]), array([-0.008, -0.008, -0.008, ...,  0.014,  0.014,  0.012]))",207.67382836341858
53,101.52844,210.40820336341858,"(array([-0.0246 , -0.02458, -0.02456, ...,  0.02534,  0.02536,  0.02538]), array([-4.88, -4.88, -4.88, ...,  4.88,  4.88,  4.88]))",210.96728539466858,"(array([-0.0246 , -0.02458, -0.02456, ...,  0.02534,  0.02536,  0.02538]), array([-0.008, -0.008, -0.006, ...,  0.01 ,  0.012,  0.01 ]))",211.61572289466858
54,101.8284,214.36230492591858,"(array([-0.0246 , -0.02458, -0.02456, ...,  0.02534,  0.02536,  0.02538]), array([-4.88, -4.8 , -4.88, ...,  4.96,  4.88,  4.88]))",214.92871117591858,"(array([-0.0246 , -0.02458, -0.02456, ...,  0.02534,  0.02536,  0.02538]), array([-0.008, -0.008, -0.008, ...,  0.012,  0.01 ,  0.012]))",215.57714867591858
55,102.11481,218.31640625,"(array([-0.0246 , -0.02458, -0.02456, ...,  0.02534,  0.02536,  0.02538]), array([-4.88, -4.88, -4.88, ...,  4.88,  4.88,  4.88]))",218.890625,"(array([-0.0246 , -0.02458, -0.02456, ...,  0.02534,  0.02536,  0.02538]), array([-0.01 , -0.008, -0.008, ...,  0.012,  0.014,  0.012]))",219.5390625
56,102.38919,222.27246117591858,"(array([-0.0246 , -0.02458, -0.02456, ...,  0.02534,  0.02536,  0.02538]), array([-4.88, -4.88, -4.88, ...,  4.88,  4.88,  4.88]))",222.84277367591858,"(array([-0.0246 , -0.02458, -0.02456, ...,  0.02534,  0.02536,  0.02538]), array([-0.008, -0.008, -0.01 , ...,  0.012,  0.012,  0.012]))",223.48730492591858
57,102.64989,226.2255859375,"(array([-0.0246 , -0.02458, -0.02456, ...,  0.02534,  0.02536,  0.02538]), array([-4.88, -4.88, -4.88, ...,  4.88,  4.88,  4.88]))",226.7802734375,"(array([-0.0246 , -0.02458, -0.02456, ...,  0.02534,  0.02536,  0.02538]), array([-0.008, -0.008, -0.008, ...,  0.012,  0.012,  0.012]))",227.4091796875
58,102.89692,230.14746117591858,"(array([-0.0246 , -0.02458, -0.02456, ...,  0.02534,  0.02536,  0.02538]), array([-4.88, -4.88, -4.88, ...,  4.88,  4.88,  4.96]))",230.70214867591858,"(array([-0.0246 , -0.02458, -0.02456, ...,  0.02534,  0.02536,  0.02538]), array([-0.006, -0.008, -0.008, ...,  0.012,  0.012,  0.012]))",231.51904344558716
59,103.1551,234.44531273841858,"(array([-0.0246 , -0.02458, -0.02456, ...,  0.02534,  0.02536,  0.02538]), array([-4.88, -4.8 , -4.88, ...,  4.88,  4.88,  4.88]))",235.00000047683716,"(array([-0.0246 , -0.02458, -0.02456, ...,  0.02534,  0.02536,  0.02538]), array([-0.008, -0.008, -0.008, ...,  0.012,  0.012,  0.01 ]))",235.64453172683716
60,103.38088,238.39453148841858,"(array([-0.0246 , -0.02458, -0.02456, ...,  0.02534,  0.02536,  0.02538]), array([-4.88, -4.88, -4.88, ...,  4.88,  4.88,  4.88]))",238.97265672683716,"(array([-0.0246 , -0.02458, -0.02456, ...,  0.02534,  0.02536,  0.02538]), array([-0.008, -0.008, -0.008, ...,  0.012,  0.012,  0.01 ]))",239.62500047683716
61,103.59642,242.35937523841858,"(array([-0.0246 , -0.02458, -0.02456, ...,  0.02534,  0.02536,  0.02538]), array([-4.88, -4.88, -4.88, ...,  4.88,  4.88,  4.88]))",242.93359398841858,"(array([-0.0246 , -0.02458, -0.02456, ...,  0.02534,  0.02536,  0.02538]), array([-0.008, -0.008, -0.008, ...,  0.012,  0.012,  0.012]))",243.58593773841858
62,103.8031,246.32812523841858,"(array([-0.0246 , -0.02458, -0.02456, ...,  0.02534,  0.02536,  0.02538]), array([-4.88, -4.88, -4.88, ...,  4.88,  4.88,  4.88]))",246.89453172683716,"(array([-0.0246 , -0.02458, -0.02456, ...,  0.02534,  0.02536,  0.02538]), array([-0.008, -0.008, -0.01 , ...,  0.012,  0.012,  0.014]))",247.55859422683716
63,103.99982,250.31152367591858,"(array([-0.0246 , -0.02458, -0.02456, ...,  0.02534,  0.02536,  0.02538]), array([-4.88, -4.8 , -4.8 , ...,  4.88,  4.88,  4.88]))",250.89355492591858,"(array([-0.0246 , -0.02458, -0.02456, ...,  0.02534,  0.02536,  0.02538]), array([-0.008, -0.008, -0.008, ...,  0.012,  0.014,  0.012]))",251.56152367591858
64,104.1877,254.30761742591858,"(array([-0.0246 , -0.02458, -0.02456, ...,  0.02534,  0.02536,  0.02538]), array([-4.88, -4.88, -4.88, ...,  4.88,  4.88,  4.88]))",254.86230492591858,"(array([-0.0246 , -0.02458, -0.02456, ...,  0.02534,  0.02536,  0.02538]), array([-0.008, -0.008, -0.006, ...,  0.014,  0.012,  0.012]))",255.50292992591858
65,104.36501,258.2460939884186,"(array([-0.0246 , -0.02458, -0.02456, ...,  0.02534,  0.02536,  0.02538]), array([-4.88, -4.88, -4.88, ...,  4.88,  4.88,  4.88]))",258.8125002384186,"(array([-0.0246 , -0.02458, -0.02456, ...,  0.02534,  0.02536,  0.02538]), array([-0.006, -0.008, -0.008, ...,  0.012,  0.012,  0.01 ]))",259.4531252384186
66,104.53332,262.1845705509186,"(array([-0.0246 , -0.02458, -0.02456, ...,  0.02534,  0.02536,  0.02538]), array([-4.88, -4.88, -4.8 , ...,  4.88,  4.8 ,  4.88]))",262.7314455509186,"(array([-0.0246 , -0.02458, -0.02456, ...,  0.02534,  0.02536,  0.02538]), array([-0.006, -0.008, -0.008, ...,  0.012,  0.012,  0.012]))",263.3720705509186
67,104.69406,266.13134813308716,"(array([-0.0246 , -0.02458, -0.02456, ...,  0.02534,  0.02536,  0.02538]), array([-4.88, -4.88, -4.88, ...,  4.88,  4.88,  4.88]))",266.71093797683716,"(array([-0.0246 , -0.02458, -0.02456, ...,  0.02534,  0.02536,  0.02538]), array([-0.008, -0.008, -0.008, ...,  0.012,  0.012,  0.012]))",267.3632814884186
68,104.84837,270.1015627384186,"(array([-0.0246 , -0.02458, -0.02456, ...,  0.02534,  0.02536,  0.02538]), array([-4.88, -4.8 , -4.88, ...,  4.88,  4.88,  4.88]))",270.6562502384186,"(array([-0.0246 , -0.02458, -0.02456, ...,  0.02534,  0.02536,  0.02538]), array([-0.008, -0.008, -0.01 , ...,  0.012,  0.01 ,  0.012]))",271.3090822696686
69,104.99477,274.0712890625,"(array([-0.0246 , -0.02458, -0.02456, ...,  0.02534,  0.02536,  0.02538]), array([-4.88, -4.8 , -4.88, ...,  4.88,  4.88,  4.88]))",274.6689453125,"(array([-0.0246 , -0.02458, -0.02456, ...,  0.02534,  0.02536,  0.02538]), array([-0.008, -0.008, -0.008, ...,  0.01 ,  0.012,  0.012]))",275.3408205509186
70,105.13458,278.0791018009186,"(array([-0.0246 , -0.02458, -0.02456, ...,  0.02534,  0.02536,  0.02538]), array([-4.8 , -4.8 , -4.88, ...,  4.88,  4.88,  4.88]))",278.6806643009186,"(array([-0.0246 , -0.02458, -0.02456, ...,  0.02534,  0.02536,  0.02538]), array([-0.008, -0.006, -0.006, ...,  0.012,  0.012,  0.012]))",279.3955080509186
71,105.27029,282.1660158634186,"(array([-0.0246 , -0.02458, -0.02456, ...,  0.02534,  0.02536,  0.02538]), array([-4.88, -4.88, -4.8 , ...,  4.88,  4.88,  4.88]))",282.7167971134186,"(array([-0.0246 , -0.02458, -0.02456, ...,  0.02534,  0.02536,  0.02538]), array([-0.008, -0.006, -0.006, ...,  0.012,  0.012,  0.012]))",283.380859375
72,105.39611,286.1533205509186,"(array([-0.0246 , -0.02458, -0.02456, ...,  0.02534,  0.02536,  0.02538]), array([-4.8 , -4.8 , -4.88, ...,  4.88,  4.88,  4.88]))",286.7197268009186,"(array([-0.0246 , -0.02458, -0.02456, ...,  0.02534,  0.02536,  0.02538]), array([-0.01 , -0.008, -0.008, ...,  0.012,  0.012,  0.012]))",287.3603518009186
73,105.51443,290.0986330509186,"(array([-0.0246 , -0.02458, -0.02456, ...,  0.02534,  0.02536,  0.02538]), array([-4.88, -4.88, -4.8 , ...,  4.88,  4.88,  4.88]))",290.6767580509186,"(array([-0.0246 , -0.02458, -0.02456, ...,  0.02534,  0.02536,  0.02538]), array([-0.006, -0.008, -0.008, ...,  0.012,  0.012,  0.012]))",291.3291018009186
74,105.62872,294.06738328933716,"(array([-0.0246 , -0.02458, -0.02456, ...,  0.02534,  0.02536,  0.02538]), array([-4.88, -4.88, -4.88, ...,  4.88,  4.88,  4.88]))",294.6259768009186,"(array([-0.0246 , -0.02458, -0.02456, ...,  0.02534,  0.02536,  0.02538]), array([-0.006, -0.008, -0.008, ...,  0.01 ,  0.01 ,  0.01 ]))",295.2744143009186
75,105.73631,298.01757860183716,"(array([-0.0246 , -0.02458, -0.02456, ...,  0.02534,  0.02536,  0.02538]), array([-4.88, -4.88, -4.88, ...,  4.88,  4.88,  4.88]))",298.58398485183716,"(array([-0.0246 , -0.02458, -0.02456, ...,  0.02534,  0.02536,  0.02538]), array([-0.006, -0.008, -0.008, ...,  0.01 ,  0.012,  0.012]))",299.23242235183716
76,105.8396,301.9697268009186,"(array([-0.0246 , -0.02458, -0.02456, ...,  0.02534,  0.02536,  0.02538]), array([-4.88, -4.88, -4.88, ...,  4.88,  4.88,  4.88]))",302.5205080509186,"(array([-0.0246 , -0.02458, -0.02456, ...,  0.02534,  0.02536,  0.02538]), array([-0.008, -0.008, -0.006, ...,  0.012,  0.012,  0.01 ]))",303.1611330509186
77,105.93946,305.9111330509186,"(array([-0.0246 , -0.02458, -0.02456, ...,  0.02534,  0.02536,  0.02538]), array([-4.88, -4.88, -4.8 , ...,  4.88,  4.88,  4.88]))",306.4916994571686,"(array([-0.0246 , -0.02458, -0.02456, ...,  0.02534,  0.02536,  0.02538]), array([-0.008, -0.008, -0.006, ...,  0.012,  0.01 ,  0.01 ]))",307.14648485183716
78,106.03627,309.88085985183716,"(array([-0.0246 , -0.02458, -0.02456, ...,  0.02534,  0.02536,  0.02538]), array([-4.8 , -4.88, -4.88, ...,  4.88,  4.88,  4.88]))",310.4550783634186,"(array([-0.0246 , -0.02458, -0.02456, ...,  0.02534,  0.02536,  0.02538]), array([-0.008, -0.008, -0.01 , ...,  0.012,  0.01 ,  0.012]))",311.1035158634186
79,106.13043,313.83789110183716,"(array([-0.0246 , -0.02458, -0.02456, ...,  0.02534,  0.02536,  0.02538]), array([-4.88, -4.88, -4.8 , ...,  4.88,  4.88,  4.88]))",314.3925783634186,"(array([-0.0246 , -0.02458, -0.02456, ...,  0.02534,  0.02536,  0.02538]), array([-0.006, -0.006, -0.008, ...,  0.012,  0.01 ,  0.012]))",315.0375978946686
80,106.221,317.7880861759186,"(array([-0.0246 , -0.02458, -0.02456, ...,  0.02534,  0.02536,  0.02538]), array([-4.88, -4.88, -4.8 , ...,  4.88,  4.88,  4.88]))",318.3623049259186,"(array([-0.0246 , -0.02458, -0.02456, ...,  0.02534,  0.02536,  0.02538]), array([-0.008, -0.006, -0.008, ...,  0.01 ,  0.01 ,  0.012]))",319.0146486759186
81,106.31018,321.7524416446686,"(array([-0.0246 , -0.02458, -0.02456, ...,  0.02534,  0.02536,  0.02538]), array([-4.88, -4.88, -4.88, ...,  4.88,  4.88,  4.88]))",322.3364260196686,"(array([-0.0246 , -0.02458, -0.02456, ...,  0.02534,  0.02536,  0.02538]), array([-0.008, -0.008, -0.008, ...,  0.012,  0.012,  0.012]))",322.9921877384186
82,106.39635,325.7197268009186,"(array([-0.0246 , -0.02458, -0.02456, ...,  0.02534,  0.02536,  0.02538]), array([-4.88, -4.88, -4.88, ...,  4.88,  4.88,  4.88]))",326.2680666446686,"(array([-0.0246 , -0.02458, -0.02456, ...,  0.02534,  0.02536,  0.02538]), array([-0.008, -0.008, -0.008, ...,  0.01 ,  0.012,  0.01 ]))",326.9140627384186
83,106.47983,329.6718752384186,"(array([-0.0246 , -0.02458, -0.02456, ...,  0.02534,  0.02536,  0.02538]), array([-4.88, -4.88, -4.88, ...,  4.88,  4.88,  4.88]))",330.2226564884186,"(array([-0.0246 , -0.02458, -0.02456, ...,  0.02534,  0.02536,  0.02538]), array([-0.008, -0.006, -0.008, ...,  0.01 ,  0.012,  0.012]))",330.8593752384186
84,106.56003,333.6025390625,"(array([-0.0246 , -0.02458, -0.02456, ...,  0.02534,  0.02536,  0.02538]), array([-4.88, -4.88, -4.88, ...,  4.88,  4.88,  4.88]))",334.1689455509186,"(array([-0.0246 , -0.02458, -0.02456, ...,  0.02534,  0.02536,  0.02538]), array([-0.008, -0.008, -0.008, ...,  0.012,  0.012,  0.014]))",334.8408205509186
85,106.63949,337.6044924259186,"(array([-0.0246 , -0.02458, -0.02456, ...,  0.02534,  0.02536,  0.02538]), array([-4.88, -4.88, -4.88, ...,  4.88,  4.88,  4.88]))",338.1513674259186,"(array([-0.0246 , -0.02458, -0.02456, ...,  0.02534,  0.02536,  0.02538]), array([-0.008, -0.008, -0.006, ...,  0.012,  0.012,  0.012]))",338.7919924259186
86,106.71482,341.5429689884186,"(array([-0.0246 , -0.02458, -0.02456, ...,  0.02534,  0.02536,  0.02538]), array([-4.88, -4.88, -4.88, ...,  4.88,  4.88,  4.88]))",342.1171877384186,"(array([-0.0246 , -0.02458, -0.02456, ...,  0.02534,  0.02536,  0.02538]), array([-0.008, -0.008, -0.006, ...,  0.012,  0.012,  0.012]))",342.7773439884186
87,106.78823,345.5273439884186,"(array([-0.0246 , -0.02458, -0.02456, ...,  0.02534,  0.02536,  0.02538]), array([-4.88, -4.88, -4.88, ...,  4.88,  4.88,  4.88]))",346.0859375,"(array([-0.0246 , -0.02458, -0.02456, ...,  0.02534,  0.02536,  0.02538]), array([-0.008, -0.008, -0.008, ...,  0.012,  0.014,  0.012]))",346.7421875
88,106.85888,349.5039064884186,"(array([-0.0246 , -0.02458, -0.02456, ...,  0.02534,  0.02536,  0.02538]), array([-4.88, -4.8 , -4.8 , ...,  4.88,  4.88,  4.88]))",350.0546877384186,"(array([-0.0246 , -0.02458, -0.02456, ...,  0.02534,  0.02536,  0.02538]), array([-0.006, -0.006, -0.006, ...,  0.012,  0.012,  0.01 ]))",350.6992189884186
89,106.92606,353.4501955509186,"(array([-0.0246 , -0.02458, -0.02456, ...,  0.02534,  0.02536,  0.02538]), array([-4.88, -4.88, -4.88, ...,  4.88,  4.8 ,  4.88]))",354.0126955509186,"(array([-0.0246 , -0.02458, -0.02456, ...,  0.02534,  0.02536,  0.02538]), array([-0.01 , -0.008, -0.008, ...,  0.012,  0.012,  0.01 ]))",354.65722703933716
90,106.99062,357.39648485183716,"(array([-0.0246 , -0.02458, -0.02456, ...,  0.02534,  0.02536,  0.02538]), array([-4.88, -4.88, -4.88, ...,  4.88,  4.88,  4.88]))",357.9628908634186,"(array([-0.0246 , -0.02458, -0.02456, ...,  0.02534,  0.02536,  0.02538]), array([-0.008, -0.008, -0.008, ...,  0.012,  0.012,  0.01 ]))",358.6069338321686
91,107.05359,361.3491213321686,"(array([-0.0246 , -0.02458, -0.02456, ...,  0.02534,  0.02536,  0.02538]), array([-4.88, -4.88, -4.88, ...,  4.88,  4.88,  4.88]))",361.9042971134186,"(array([-0.0246 , -0.02458, -0.02456, ...,  0.02534,  0.02536,  0.02538]), array([-0.008, -0.008, -0.01 , ...,  0.012,  0.012,  0.012]))",362.5527346134186
92,107.1139,365.31054735183716,"(array([-0.0246 , -0.02458, -0.02456, ...,  0.02534,  0.02536,  0.02538]), array([-4.88, -4.88, -4.88, ...,  4.88,  4.88,  4.88]))",365.87695360183716,"(array([-0.0246 , -0.02458, -0.02456, ...,  0.02534,  0.02536,  0.02538]), array([-0.008, -0.008, -0.008, ...,  0.012,  0.012,  0.01 ]))",366.5190432071686
93,107.17226,369.2587893009186,"(array([-0.0246 , -0.02458, -0.02456, ...,  0.02534,  0.02536,  0.02538]), array([-4.88, -4.88, -4.88, ...,  4.88,  4.88,  4.96]))",369.8291015625,"(array([-0.0246 , -0.02458, -0.02456, ...,  0.02534,  0.02536,  0.02538]), array([-0.008, -0.008, -0.008, ...,  0.012,  0.01 ,  0.012]))",370.4736328125
94,107.22762,373.2080080509186,"(array([-0.0246 , -0.02458, -0.02456, ...,  0.02534,  0.02536,  0.02538]), array([-4.88, -4.8 , -4.88, ...,  4.88,  4.88,  4.88]))",373.7900393009186,"(array([-0.0246 , -0.02458, -0.02456, ...,  0.02534,  0.02536,  0.02538]), array([-0.006, -0.006, -0.006, ...,  0.012,  0.01 ,  0.014]))",374.6376955509186
95,107.28683,377.56738328933716,"(array([-0.0246 , -0.02458, -0.02456, ...,  0.02534,  0.02536,  0.02538]), array([-4.88, -4.88, -4.88, ...,  4.88,  4.88,  4.88]))",378.14160203933716,"(array([-0.0246 , -0.02458, -0.02456, ...,  0.02534,  0.02536,  0.02538]), array([-0.006, -0.006, -0.008, ...,  0.012,  0.012,  0.01 ]))",378.79003953933716
