,resistencia,marca_temporal_resistencia,tension_1,marca_temporal_tension_1,tension_2,marca_temporal_tension_2
0,19.933933,0.2542688846588135,"(array([-0.0246 , -0.02458, -0.02456, ...,  0.02534,  0.02536,  0.02538]), array([-5.36, -5.36, -5.28, ...,  5.36,  5.36,  5.44]))",0.8411166667938232,"(array([-0.0246 , -0.02458, -0.02456, ...,  0.02534,  0.02536,  0.02538]), array([0.008, 0.   , 0.   , ..., 0.   , 0.008, 0.   ]))",1.4792048931121826
1,19.93617,4.114218473434448,"(array([-0.0246 , -0.02458, -0.02456, ...,  0.02534,  0.02536,  0.02538]), array([-5.36, -5.36, -5.36, ...,  5.28,  5.28,  5.36]))",4.665777921676636,"(array([-0.0246 , -0.02458, -0.02456, ...,  0.02534,  0.02536,  0.02538]), array([0.   , 0.   , 0.   , ..., 0.   , 0.   , 0.008]))",5.305799245834351
2,19.958281,7.9577317237854,"(array([-0.0246 , -0.02458, -0.02456, ...,  0.02534,  0.02536,  0.02538]), array([-5.36, -5.28, -5.36, ...,  5.36,  5.36,  5.36]))",8.504940509796143,"(array([-0.0246 , -0.02458, -0.02456, ...,  0.02534,  0.02536,  0.02538]), array([ 0.   ,  0.   , -0.008, ...,  0.008, -0.008,  0.   ]))",9.137227773666382
3,20.045241,11.633416414260864,"(array([-0.0246 , -0.02458, -0.02456, ...,  0.02534,  0.02536,  0.02538]), array([-5.36, -5.36, -5.36, ...,  5.36,  5.28,  5.36]))",12.128952503204346,"(array([-0.0246 , -0.02458, -0.02456, ...,  0.02534,  0.02536,  0.02538]), array([-0.008,  0.008,  0.008, ...,  0.   ,  0.   ,  0.   ]))",12.688442945480347
4,20.283479,15.062142610549927,"(array([-0.0246 , -0.02458, -0.02456, ...,  0.02534,  0.02536,  0.02538]), array([-5.28, -5.28, -5.36, ...,  5.36,  5.36,  5.36]))",15.553763151168823,"(array([-0.0246 , -0.02458, -0.02456, ...,  0.02534,  0.02536,  0.02538]), array([-0.008,  0.008,  0.   , ...,  0.   ,  0.   ,  0.008]))",16.122389793395996
5,21.010249,18.509564876556396,"(array([-0.0246 , -0.02458, -0.02456, ...,  0.02534,  0.02536,  0.02538]), array([-5.36, -5.36, -5.36, ...,  5.36,  5.36,  5.36]))",19.012498140335083,"(array([-0.0246 , -0.02458, -0.02456, ...,  0.02534,  0.02536,  0.02538]), array([-0.016,  0.008,  0.   , ...,  0.008, -0.008,  0.008]))",19.630509614944458
6,23.237424,22.264107704162598,"(array([-0.0246 , -0.02458, -0.02456, ...,  0.02534,  0.02536,  0.02538]), array([-5.36, -5.36, -5.28, ...,  5.36,  5.28,  5.36]))",22.804418802261353,"(array([-0.0246 , -0.02458, -0.02456, ...,  0.02534,  0.02536,  0.02538]), array([ 0.   , -0.008,  0.   , ...,  0.   ,  0.   ,  0.008]))",23.43087339401245
7,27.768001,26.054421424865723,"(array([-0.0246 , -0.02458, -0.02456, ...,  0.02534,  0.02536,  0.02538]), array([-5.36, -5.36, -5.36, ...,  5.36,  5.28,  5.36]))",26.602389812469482,"(array([-0.0246 , -0.02458, -0.02456, ...,  0.02534,  0.02536,  0.02538]), array([-0.008, -0.008,  0.008, ...,  0.   ,  0.   ,  0.   ]))",27.238415956497192
8,33.143063,29.9535973072052,"(array([-0.0246 , -0.02458, -0.02456, ...,  0.02534,  0.02536,  0.02538]), array([-5.36, -5.36, -5.36, ...,  5.36,  5.36,  5.28]))",30.546351671218872,"(array([-0.0246 , -0.02458, -0.02456, ...,  0.02534,  0.02536,  0.02538]), array([ 0.   , -0.008,  0.   , ...,  0.   ,  0.   ,  0.008]))",31.232283353805542
9,38.366515,34.122882604599,"(array([-0.0246 , -0.02458, -0.02456, ...,  0.02534,  0.02536,  0.02538]), array([-5.28, -5.36, -5.36, ...,  5.36,  5.36,  5.28]))",34.72406005859375,"(array([-0.0246 , -0.02458, -0.02456, ...,  0.02534,  0.02536,  0.02538]), array([ 0.   ,  0.   ,  0.   , ...,  0.008, -0.008, -0.008]))",35.41999387741089
10,43.016249,38.312172651290894,"(array([-0.0246 , -0.02458, -0.02456, ...,  0.02534,  0.02536,  0.02538]), array([-5.36, -5.36, -5.36, ...,  5.36,  5.28,  5.36]))",38.92808985710144,"(array([-0.0246 , -0.02458, -0.02456, ...,  0.02534,  0.02536,  0.02538]), array([ 0.   ,  0.   ,  0.   , ...,  0.008, -0.008,  0.008]))",39.61264109611511
11,47.095156,42.29123616218567,"(array([-0.0246 , -0.02458, -0.02456, ...,  0.02534,  0.02536,  0.02538]), array([-5.36, -5.28, -5.28, ...,  5.36,  5.28,  5.36]))",42.84397053718567,"(array([-0.0246 , -0.02458, -0.02456, ...,  0.02534,  0.02536,  0.02538]), array([ 0.   ,  0.   ,  0.   , ...,  0.   , -0.008,  0.   ]))",43.49240803718567
12,50.759328,46.18088459968567,"(array([-0.0246 , -0.02458, -0.02456, ...,  0.02534,  0.02536,  0.02538]), array([-5.36, -5.36, -5.36, ...,  5.36,  5.28,  5.36]))",46.72971272468567,"(array([-0.0246 , -0.02458, -0.02456, ...,  0.02534,  0.02536,  0.02538]), array([-0.008,  0.008, -0.008, ...,  0.008,  0.008,  0.008]))",47.36447834968567
13,54.035708,50.04416584968567,"(array([-0.0246 , -0.02458, -0.02456, ...,  0.02534,  0.02536,  0.02538]), array([-5.28, -5.36, -5.36, ...,  5.28,  5.36,  5.36]))",50.59494709968567,"(array([-0.0246 , -0.02458, -0.02456, ...,  0.02534,  0.02536,  0.02538]), array([0.   , 0.   , 0.   , ..., 0.   , 0.008, 0.008]))",51.24338459968567
14,57.015505,53.93186116218567,"(array([-0.0246 , -0.02458, -0.02456, ...,  0.02534,  0.02536,  0.02538]), array([-5.36, -5.36, -5.36, ...,  5.36,  5.36,  5.28]))",54.48459553718567,"(array([-0.0246 , -0.02458, -0.02456, ...,  0.02534,  0.02536,  0.02538]), array([-0.008,  0.008,  0.   , ...,  0.   ,  0.   ,  0.   ]))",55.28928303718567
15,59.963777,58.13693928718567,"(array([-0.0246 , -0.02458, -0.02456, ...,  0.02534,  0.02536,  0.02538]), array([-5.28, -5.28, -5.36, ...,  5.36,  5.36,  5.36]))",58.69357991218567,"(array([-0.0246 , -0.02458, -0.02456, ...,  0.02534,  0.02536,  0.02538]), array([ 0.   ,  0.   ,  0.008, ..., -0.008,  0.   ,  0.   ]))",59.33811116218567
16,62.466446,62.01975178718567,"(array([-0.0246 , -0.02458, -0.02456, ...,  0.02534,  0.02536,  0.02538]), array([-5.28, -5.28, -5.36, ...,  5.28,  5.28,  5.36]))",62.57150959968567,"(array([-0.0246 , -0.02458, -0.02456, ...,  0.02534,  0.02536,  0.02538]), array([0.   , 0.   , 0.008, ..., 0.   , 0.   , 0.   ]))",63.21506428718567
17,64.782768,65.89865803718567,"(array([-0.0246 , -0.02458, -0.02456, ...,  0.02534,  0.02536,  0.02538]), array([-5.36, -5.36, -5.28, ...,  5.28,  5.36,  5.28]))",66.45529866218567,"(array([-0.0246 , -0.02458, -0.02456, ...,  0.02534,  0.02536,  0.02538]), array([0.008, 0.008, 0.   , ..., 0.   , 0.008, 0.   ]))",67.10178303718567
18,66.94021,69.78147053718567,"(array([-0.0246 , -0.02458, -0.02456, ...,  0.02534,  0.02536,  0.02538]), array([-5.28, -5.28, -5.36, ...,  5.36,  5.36,  5.36]))",70.33078694343567,"(array([-0.0246 , -0.02458, -0.02456, ...,  0.02534,  0.02536,  0.02538]), array([ 0.   ,  0.008,  0.008, ...,  0.   ,  0.008, -0.008]))",70.97775959968567
19,68.971733,73.66721272468567,"(array([-0.0246 , -0.02458, -0.02456, ...,  0.02534,  0.02536,  0.02538]), array([-5.36, -5.36, -5.36, ...,  5.28,  5.36,  5.36]))",74.21604084968567,"(array([-0.0246 , -0.02458, -0.02456, ...,  0.02534,  0.02536,  0.02538]), array([ 0.008, -0.008,  0.008, ..., -0.008,  0.   ,  0.   ]))",74.85275959968567
20,70.867544,77.52951741218567,"(array([-0.0246 , -0.02458, -0.02456, ...,  0.02534,  0.02536,  0.02538]), array([-5.28, -5.36, -5.36, ...,  5.28,  5.36,  5.28]))",78.07834553718567,"(array([-0.0246 , -0.02458, -0.02456, ...,  0.02534,  0.02536,  0.02538]), array([ 0.   , -0.008,  0.   , ...,  0.   ,  0.   ,  0.008]))",78.72287678718567
21,72.668118,81.40842366218567,"(array([-0.0246 , -0.02458, -0.02456, ...,  0.02534,  0.02536,  0.02538]), array([-5.28, -5.28, -5.36, ...,  5.36,  5.36,  5.36]))",81.99240803718567,"(array([-0.0246 , -0.02458, -0.02456, ...,  0.02534,  0.02536,  0.02538]), array([0.   , 0.008, 0.008, ..., 0.   , 0.008, 0.   ]))",82.65842366218567
22,74.379637,85.32932209968567,"(array([-0.0246 , -0.02458, -0.02456, ...,  0.02534,  0.02536,  0.02538]), array([-5.36, -5.36, -5.28, ...,  5.36,  5.36,  5.36]))",85.90354084968567,"(array([-0.0246 , -0.02458, -0.02456, ...,  0.02534,  0.02536,  0.02538]), array([ 0.008,  0.   ,  0.   , ...,  0.008,  0.   , -0.008]))",86.55197834968567
23,75.978938,89.21799397468567,"(array([-0.0246 , -0.02458, -0.02456, ...,  0.02534,  0.02536,  0.02538]), array([-5.36, -5.36, -5.36, ...,  5.36,  5.36,  5.28]))",89.78244709968567,"(array([-0.0246 , -0.02458, -0.02456, ...,  0.02534,  0.02536,  0.02538]), array([-0.016,  0.   ,  0.008, ...,  0.   ,  0.   ,  0.   ]))",90.42111897468567
24,77.494728,93.08420491218567,"(array([-0.0246 , -0.02458, -0.02456, ...,  0.02534,  0.02536,  0.02538]), array([-5.28, -5.36, -5.28, ...,  5.36,  5.36,  5.36]))",93.65061116218567,"(array([-0.0246 , -0.02458, -0.02456, ...,  0.02534,  0.02536,  0.02538]), array([-0.008,  0.   ,  0.   , ...,  0.008, -0.016, -0.008]))",94.29318928718567
25,78.911142,96.96115803718567,"(array([-0.0246 , -0.02458, -0.02456, ...,  0.02534,  0.02536,  0.02538]), array([-5.36, -5.36, -5.36, ...,  5.36,  5.36,  5.28]))",97.53147053718567,"(array([-0.0246 , -0.02458, -0.02456, ...,  0.02534,  0.02536,  0.02538]), array([ 0.008,  0.   ,  0.   , ...,  0.   ,  0.   , -0.008]))",98.17404866218567
26,80.252211,100.94221949577332,"(array([-0.0246 , -0.02458, -0.02456, ...,  0.02534,  0.02536,  0.02538]), array([-5.28, -5.36, -5.28, ...,  5.36,  5.36,  5.36]))",101.56634402275085,"(array([-0.0246 , -0.02458, -0.02456, ...,  0.02534,  0.02536,  0.02538]), array([ 0.   ,  0.   ,  0.   , ...,  0.008,  0.   , -0.008]))",102.283926486969
27,81.529106,105.22891402244568,"(array([-0.0246 , -0.02458, -0.02456, ...,  0.02534,  0.02536,  0.02538]), array([-5.36, -5.28, -5.28, ...,  5.36,  5.28,  5.36]))",105.84283375740051,"(array([-0.0246 , -0.02458, -0.02456, ...,  0.02534,  0.02536,  0.02538]), array([ 0.   ,  0.   ,  0.   , ...,  0.   ,  0.   , -0.016]))",106.55558204650879
28,82.740604,109.50647807121277,"(array([-0.0246 , -0.02458, -0.02456, ...,  0.02534,  0.02536,  0.02538]), array([-5.36, -5.36, -5.36, ...,  5.36,  5.36,  5.36]))",110.14134478569031,"(array([-0.0246 , -0.02458, -0.02456, ...,  0.02534,  0.02536,  0.02538]), array([ 0.   ,  0.   , -0.008, ...,  0.   ,  0.   ,  0.008]))",110.84002017974854
29,83.893693,113.49624991416931,"(array([-0.0246 , -0.02458, -0.02456, ...,  0.02534,  0.02536,  0.02538]), array([-5.28, -5.36, -5.36, ...,  5.36,  5.36,  5.36]))",114.04732584953308,"(array([-0.0246 , -0.02458, -0.02456, ...,  0.02534,  0.02536,  0.02538]), array([ 0.   ,  0.   ,  0.008, ..., -0.008,  0.008,  0.   ]))",114.69508194923401
30,84.989556,117.35474848747253,"(array([-0.0246 , -0.02458, -0.02456, ...,  0.02534,  0.02536,  0.02538]), array([-5.36, -5.28, -5.36, ...,  5.28,  5.36,  5.36]))",117.89664006233215,"(array([-0.0246 , -0.02458, -0.02456, ...,  0.02534,  0.02536,  0.02538]), array([ 0.   ,  0.008, -0.008, ...,  0.   ,  0.   ,  0.   ]))",118.52747702598572
31,86.029461,121.1288001537323,"(array([-0.0246 , -0.02458, -0.02456, ...,  0.02534,  0.02536,  0.02538]), array([-5.36, -5.28, -5.36, ...,  5.28,  5.36,  5.28]))",121.64173865318298,"(array([-0.0246 , -0.02458, -0.02456, ...,  0.02534,  0.02536,  0.02538]), array([ 0.   , -0.008,  0.   , ...,  0.   , -0.008,  0.   ]))",122.22254729270935
32,87.030266,124.59623503684998,"(array([-0.0246 , -0.02458, -0.02456, ...,  0.02534,  0.02536,  0.02538]), array([-5.36, -5.36, -5.36, ...,  5.28,  5.36,  5.52]))",125.08611536026001,"(array([-0.0246 , -0.02458, -0.02456, ...,  0.02534,  0.02536,  0.02538]), array([ 0.   ,  0.   ,  0.   , ...,  0.   , -0.008,  0.008]))",125.65996289253235
33,87.977657,128.0488908290863,"(array([-0.0246 , -0.02458, -0.02456, ...,  0.02534,  0.02536,  0.02538]), array([-5.36, -5.36, -5.28, ...,  5.28,  5.28,  5.28]))",128.53703093528748,"(array([-0.0246 , -0.02458, -0.02456, ...,  0.02534,  0.02536,  0.02538]), array([ 0.   ,  0.008,  0.   , ..., -0.008,  0.008,  0.   ]))",129.1052224636078
34,88.877123,131.68444681167603,"(array([-0.0246 , -0.02458, -0.02456, ...,  0.02534,  0.02536,  0.02538]), array([-5.36, -5.36, -5.36, ...,  5.36,  5.36,  5.36]))",132.2515516281128,"(array([-0.0246 , -0.02458, -0.02456, ...,  0.02534,  0.02536,  0.02538]), array([ 0.   ,  0.   , -0.008, ...,  0.   ,  0.   ,  0.   ]))",132.8894922733307
35,89.738928,135.50346875190735,"(array([-0.0246 , -0.02458, -0.02456, ...,  0.02534,  0.02536,  0.02538]), array([-5.28, -5.36, -5.36, ...,  5.36,  5.28,  5.28]))",136.06483697891235,"(array([-0.0246 , -0.02458, -0.02456, ...,  0.02534,  0.02536,  0.02538]), array([ 0.008,  0.   ,  0.   , ..., -0.008,  0.   , -0.008]))",136.70086312294006
36,90.55991,139.32354855537415,"(array([-0.0246 , -0.02458, -0.02456, ...,  0.02534,  0.02536,  0.02538]), array([-5.36, -5.28, -5.36, ...,  5.36,  5.36,  5.28]))",139.9279820919037,"(array([-0.0246 , -0.02458, -0.02456, ...,  0.02534,  0.02536,  0.02538]), array([ 0.   ,  0.008,  0.   , ..., -0.008, -0.008,  0.   ]))",140.62602186203003
37,91.343492,143.5018813610077,"(array([-0.0246 , -0.02458, -0.02456, ...,  0.02534,  0.02536,  0.02538]), array([-5.28, -5.36, -5.36, ...,  5.28,  5.36,  5.28]))",144.1220099925995,"(array([-0.0246 , -0.02458, -0.02456, ...,  0.02534,  0.02536,  0.02538]), array([ 0.008,  0.   ,  0.   , ...,  0.   , -0.008,  0.   ]))",144.82478737831116
38,92.08895,147.70696377754211,"(array([-0.0246 , -0.02458, -0.02456, ...,  0.02534,  0.02536,  0.02538]), array([-5.28, -5.28, -5.36, ...,  5.36,  5.28,  5.28]))",148.30603551864624,"(array([-0.0246 , -0.02458, -0.02456, ...,  0.02534,  0.02536,  0.02538]), array([ 0.008,  0.   , -0.008, ..., -0.008,  0.   ,  0.   ]))",148.99986338615417
39,92.79826,151.7674572467804,"(array([-0.0246 , -0.02458, -0.02456, ...,  0.02534,  0.02536,  0.02538]), array([-5.28, -5.36, -5.28, ...,  5.36,  5.36,  5.36]))",152.3201916217804,"(array([-0.0246 , -0.02458, -0.02456, ...,  0.02534,  0.02536,  0.02538]), array([ 0.   , -0.008,  0.   , ...,  0.   , -0.008,  0.   ]))",152.9627697467804
40,93.472748,155.6463634967804,"(array([-0.0246 , -0.02458, -0.02456, ...,  0.02534,  0.02536,  0.02538]), array([-5.36, -5.36, -5.36, ...,  5.36,  5.36,  5.28]))",156.2010509967804,"(array([-0.0246 , -0.02458, -0.02456, ...,  0.02534,  0.02536,  0.02538]), array([-0.008,  0.   ,  0.   , ...,  0.   ,  0.   ,  0.   ]))",156.8514416217804
41,94.117767,159.5360119342804,"(array([-0.0246 , -0.02458, -0.02456, ...,  0.02534,  0.02536,  0.02538]), array([-5.36, -5.28, -5.28, ...,  5.36,  5.36,  5.28]))",160.1068127155304,"(array([-0.0246 , -0.02458, -0.02456, ...,  0.02534,  0.02536,  0.02538]), array([0.   , 0.   , 0.008, ..., 0.   , 0.008, 0.008]))",160.7518322467804
42,94.729843,163.4158947467804,"(array([-0.0246 , -0.02458, -0.02456, ...,  0.02534,  0.02536,  0.02538]), array([-5.28, -5.36, -5.36, ...,  5.28,  5.28,  5.36]))",163.9666759967804,"(array([-0.0246 , -0.02458, -0.02456, ...,  0.02534,  0.02536,  0.02538]), array([ 0.008,  0.   , -0.008, ...,  0.   ,  0.   ,  0.   ]))",164.5877697467804
43,95.304564,167.2498791217804,"(array([-0.0246 , -0.02458, -0.02456, ...,  0.02534,  0.02536,  0.02538]), array([-5.28, -5.2 , -5.36, ...,  5.36,  5.28,  5.36]))",167.8260509967804,"(array([-0.0246 , -0.02458, -0.02456, ...,  0.02534,  0.02536,  0.02538]), array([ 0.   ,  0.   , -0.008, ...,  0.   , -0.016,  0.   ]))",168.4705822467804
44,95.859393,171.1297619342804,"(array([-0.0246 , -0.02458, -0.02456, ...,  0.02534,  0.02536,  0.02538]), array([-5.36, -5.36, -5.36, ...,  5.28,  5.36,  5.28]))",171.6785900592804,"(array([-0.0246 , -0.02458, -0.02456, ...,  0.02534,  0.02536,  0.02538]), array([ 0.008, -0.008,  0.008, ...,  0.   ,  0.   , -0.008]))",172.3153088092804
45,96.386655,174.9920666217804,"(array([-0.0246 , -0.02458, -0.02456, ...,  0.02534,  0.02536,  0.02538]), array([-5.28, -5.28, -5.28, ...,  5.36,  5.36,  5.28]))",175.5487072467804,"(array([-0.0246 , -0.02458, -0.02456, ...,  0.02534,  0.02536,  0.02538]), array([ 0.008,  0.008,  0.008, ...,  0.   , -0.008, -0.008]))",176.1932384967804
46,96.892591,178.8748791217804,"(array([-0.0246 , -0.02458, -0.02456, ...,  0.02534,  0.02536,  0.02538]), array([-5.28, -5.36, -5.36, ...,  5.36,  5.28,  5.28]))",179.4432384967804,"(array([-0.0246 , -0.02458, -0.02456, ...,  0.02534,  0.02536,  0.02538]), array([ 0.   ,  0.008,  0.   , ..., -0.008,  0.008, -0.008]))",180.0897228717804
47,97.374506,182.7591564655304,"(array([-0.0246 , -0.02458, -0.02456, ...,  0.02534,  0.02536,  0.02538]), array([-5.36, -5.36, -5.36, ...,  5.36,  5.36,  5.36]))",183.3338634967804,"(array([-0.0246 , -0.02458, -0.02456, ...,  0.02534,  0.02536,  0.02538]), array([0.   , 0.   , 0.   , ..., 0.008, 0.   , 0.008]))",183.9783947467804
48,97.829863,186.6385509967804,"(array([-0.0246 , -0.02458, -0.02456, ...,  0.02534,  0.02536,  0.02538]), array([-5.36, -5.36, -5.36, ...,  5.36,  5.36,  5.36]))",187.1912853717804,"(array([-0.0246 , -0.02458, -0.02456, ...,  0.02534,  0.02536,  0.02538]), array([ 0.   , -0.008,  0.   , ...,  0.   ,  0.   ,  0.   ]))",187.8416759967804
49,98.262573,190.5257580280304,"(array([-0.0246 , -0.02458, -0.02456, ...,  0.02534,  0.02536,  0.02538]), array([-5.28, -5.36, -5.36, ...,  5.36,  5.36,  5.36]))",191.0926525592804,"(array([-0.0246 , -0.02458, -0.02456, ...,  0.02534,  0.02536,  0.02538]), array([ 0.   , -0.008,  0.   , ..., -0.008,  0.   ,  0.008]))",191.7371838092804
50,98.670409,194.4031994342804,"(array([-0.0246 , -0.02458, -0.02456, ...,  0.02534,  0.02536,  0.02538]), array([-5.28, -5.28, -5.36, ...,  5.36,  5.28,  5.28]))",194.9676525592804,"(array([-0.0246 , -0.02458, -0.02456, ...,  0.02534,  0.02536,  0.02538]), array([ 0.   ,  0.008, -0.008, ...,  0.008,  0.008,  0.   ]))",195.7860119342804
51,99.085853,198.6317150592804,"(array([-0.0246 , -0.02458, -0.02456, ...,  0.02534,  0.02536,  0.02538]), array([-5.28, -5.28, -5.36, ...,  5.36,  5.28,  5.36]))",199.1864025592804,"(array([-0.0246 , -0.02458, -0.02456, ...,  0.02534,  0.02536,  0.02538]), array([0.   , 0.   , 0.008, ..., 0.   , 0.008, 0.   ]))",199.8309338092804
52,99.443969,202.5115978717804,"(array([-0.0246 , -0.02458, -0.02456, ...,  0.02534,  0.02536,  0.02538]), array([-5.36, -5.36, -5.36, ...,  5.36,  5.36,  5.36]))",203.0838634967804,"(array([-0.0246 , -0.02458, -0.02456, ...,  0.02534,  0.02536,  0.02538]), array([ 0.   , -0.008,  0.   , ...,  0.008, -0.008,  0.   ]))",203.7323009967804
53,99.797057,206.4022228717804,"(array([-0.0246 , -0.02458, -0.02456, ...,  0.02534,  0.02536,  0.02538]), array([-5.36, -5.28, -5.36, ...,  5.36,  5.28,  5.28]))",206.9608166217804,"(array([-0.0246 , -0.02458, -0.02456, ...,  0.02534,  0.02536,  0.02538]), array([ 0.   ,  0.   ,  0.   , ..., -0.008,  0.   , -0.008]))",207.6156017780304
54,100.15512,210.32175517082214,"(array([-0.0246 , -0.02458, -0.02456, ...,  0.02534,  0.02536,  0.02538]), array([-5.36, -5.28, -5.28, ...,  5.36,  5.36,  5.36]))",210.92000079154968,"(array([-0.0246 , -0.02458, -0.02456, ...,  0.02534,  0.02536,  0.02538]), array([0.   , 0.008, 0.008, ..., 0.008, 0.   , 0.008]))",211.63006329536438
55,100.47712,214.5847189426422,"(array([-0.0246 , -0.02458, -0.02456, ...,  0.02534,  0.02536,  0.02538]), array([-5.28, -5.28, -5.36, ...,  5.28,  5.36,  5.36]))",215.20884370803833,"(array([-0.0246 , -0.02458, -0.02456, ...,  0.02534,  0.02536,  0.02538]), array([ 0.   ,  0.008,  0.   , ...,  0.   ,  0.   , -0.008]))",215.91514658927917
56,100.79566,218.84939217567444,"(array([-0.0246 , -0.02458, -0.02456, ...,  0.02534,  0.02536,  0.02538]), array([-5.36, -5.36, -5.36, ...,  5.28,  5.36,  5.28]))",219.4799621105194,"(array([-0.0246 , -0.02458, -0.02456, ...,  0.02534,  0.02536,  0.02538]), array([ 0.008,  0.008,  0.   , ...,  0.   , -0.008,  0.   ]))",220.19700741767883
57,101.10382,222.93514847755432,"(array([-0.0246 , -0.02458, -0.02456, ...,  0.02534,  0.02536,  0.02538]), array([-5.36, -5.36, -5.36, ...,  5.28,  5.28,  5.28]))",223.50072646141052,"(array([-0.0246 , -0.02458, -0.02456, ...,  0.02534,  0.02536,  0.02538]), array([0.   , 0.008, 0.   , ..., 0.   , 0.   , 0.   ]))",224.14703249931335
58,101.3958,226.79123044013977,"(array([-0.0246 , -0.02458, -0.02456, ...,  0.02534,  0.02536,  0.02538]), array([-5.36, -5.28, -5.44, ...,  5.36,  5.36,  5.28]))",227.33263850212097,"(array([-0.0246 , -0.02458, -0.02456, ...,  0.02534,  0.02536,  0.02538]), array([0.   , 0.   , 0.008, ..., 0.   , 0.   , 0.   ]))",227.96879267692566
59,101.68238,230.62845969200134,"(array([-0.0246 , -0.02458, -0.02456, ...,  0.02534,  0.02536,  0.02538]), array([-5.36, -5.36, -5.44, ...,  5.36,  5.28,  5.36]))",231.1714642047882,"(array([-0.0246 , -0.02458, -0.02456, ...,  0.02534,  0.02536,  0.02538]), array([0.008, 0.   , 0.008, ..., 0.   , 0.   , 0.   ]))",231.7574441432953
60,101.95029,234.1354956626892,"(array([-0.0246 , -0.02458, -0.02456, ...,  0.02534,  0.02536,  0.02538]), array([-5.36, -5.36, -5.36, ...,  5.36,  5.28,  5.36]))",234.62537598609924,"(array([-0.0246 , -0.02458, -0.02456, ...,  0.02534,  0.02536,  0.02538]), array([-0.008,  0.   ,  0.   , ...,  0.   ,  0.   ,  0.   ]))",235.20096373558044
61,102.20848,237.5972876548767,"(array([-0.0246 , -0.02458, -0.02456, ...,  0.02534,  0.02536,  0.02538]), array([-5.36, -5.28, -5.28, ...,  5.28,  5.28,  5.36]))",238.10674595832825,"(array([-0.0246 , -0.02458, -0.02456, ...,  0.02534,  0.02536,  0.02538]), array([0.008, 0.   , 0.008, ..., 0.   , 0.   , 0.   ]))",238.6892945766449
62,102.46023,241.17825889587402,"(array([-0.0246 , -0.02458, -0.02456, ...,  0.02534,  0.02536,  0.02538]), array([-5.36, -5.28, -5.36, ...,  5.28,  5.28,  5.28]))",241.737713098526,"(array([-0.0246 , -0.02458, -0.02456, ...,  0.02534,  0.02536,  0.02538]), array([ 0.   ,  0.   ,  0.   , ...,  0.008,  0.   , -0.008]))",242.37565350532532
63,102.69763,244.99154424667358,"(array([-0.0246 , -0.02458, -0.02456, ...,  0.02534,  0.02536,  0.02538]), array([-5.28, -5.36, -5.28, ...,  5.28,  5.36,  5.28]))",245.5553057193756,"(array([-0.0246 , -0.02458, -0.02456, ...,  0.02534,  0.02536,  0.02538]), array([ 0.   ,  0.008, -0.008, ...,  0.008,  0.   ,  0.   ]))",246.1951606273651
64,102.92612,248.8043510913849,"(array([-0.0246 , -0.02458, -0.02456, ...,  0.02534,  0.02536,  0.02538]), array([-5.36, -5.28, -5.36, ...,  5.36,  5.36,  5.28]))",249.35806250572205,"(array([-0.0246 , -0.02458, -0.02456, ...,  0.02534,  0.02536,  0.02538]), array([0., 0., 0., ..., 0., 0., 0.]))",250.01322770118713
65,103.14205,252.88248372077942,"(array([-0.0246 , -0.02458, -0.02456, ...,  0.02534,  0.02536,  0.02538]), array([-5.36, -5.44, -5.28, ...,  5.28,  5.28,  5.36]))",253.4836609363556,"(array([-0.0246 , -0.02458, -0.02456, ...,  0.02534,  0.02536,  0.02538]), array([ 0.   , -0.008,  0.   , ...,  0.   ,  0.   ,  0.008]))",254.17959475517273
66,103.34884,257.07019448280334,"(array([-0.0246 , -0.02458, -0.02456, ...,  0.02534,  0.02536,  0.02538]), array([-5.2 , -5.36, -5.36, ...,  5.28,  5.28,  5.28]))",257.6666338443756,"(array([-0.0246 , -0.02458, -0.02456, ...,  0.02534,  0.02536,  0.02538]), array([-0.008, -0.008,  0.008, ...,  0.   ,  0.   ,  0.   ]))",258.3562505245209
67,103.54569,261.19637799263,"(array([-0.0246 , -0.02458, -0.02456, ...,  0.02534,  0.02536,  0.02538]), array([-5.36, -5.36, -5.28, ...,  5.28,  5.36,  5.36]))",261.79598736763,"(array([-0.0246 , -0.02458, -0.02456, ...,  0.02534,  0.02536,  0.02538]), array([-0.008, -0.008,  0.008, ...,  0.   ,  0.   ,  0.008]))",262.46590924263
68,103.73692,265.12801861763,"(array([-0.0246 , -0.02458, -0.02456, ...,  0.02534,  0.02536,  0.02538]), array([-5.28, -5.36, -5.28, ...,  5.28,  5.28,  5.36]))",265.70223736763,"(array([-0.0246 , -0.02458, -0.02456, ...,  0.02534,  0.02536,  0.02538]), array([ 0.   ,  0.008,  0.   , ...,  0.   , -0.008,  0.008]))",266.3565344810486
69,103.91719,269.02547955513,"(array([-0.0246 , -0.02458, -0.02456, ...,  0.02534,  0.02536,  0.02538]), array([-5.28, -5.28, -5.36, ...,  5.28,  5.36,  5.36]))",269.58065533638,"(array([-0.0246 , -0.02458, -0.02456, ...,  0.02534,  0.02536,  0.02538]), array([-0.008,  0.008,  0.   , ..., -0.008,  0.   ,  0.008]))",270.2334876060486
70,104.08855,272.92294049263,"(array([-0.0246 , -0.02458, -0.02456, ...,  0.02534,  0.02536,  0.02538]), array([-5.36, -5.36, -5.36, ...,  5.28,  5.36,  5.36]))",273.4756751060486,"(array([-0.0246 , -0.02458, -0.02456, ...,  0.02534,  0.02536,  0.02538]), array([ 0.   ,  0.   ,  0.   , ...,  0.008,  0.008, -0.024]))",274.1221594810486
71,104.25229,276.8077063560486,"(array([-0.0246 , -0.02458, -0.02456, ...,  0.02534,  0.02536,  0.02538]), array([-5.28, -5.36, -5.36, ...,  5.36,  5.28,  5.28]))",277.3819251060486,"(array([-0.0246 , -0.02458, -0.02456, ...,  0.02534,  0.02536,  0.02538]), array([ 0.008,  0.008, -0.008, ...,  0.008,  0.008,  0.   ]))",278.0303626060486
72,104.40801,280.7002844810486,"(array([-0.0246 , -0.02458, -0.02456, ...,  0.02534,  0.02536,  0.02538]), array([-5.36, -5.28, -5.28, ...,  5.28,  5.36,  5.36]))",281.25692486763,"(array([-0.0246 , -0.02458, -0.02456, ...,  0.02534,  0.02536,  0.02538]), array([ 0.008,  0.   ,  0.008, ...,  0.   ,  0.   , -0.008]))",281.89999127388
73,104.55608,284.57723736763,"(array([-0.0246 , -0.02458, -0.02456, ...,  0.02534,  0.02536,  0.02538]), array([-5.36, -5.36, -5.28, ...,  5.36,  5.36,  5.28]))",285.15145611763,"(array([-0.0246 , -0.02458, -0.02456, ...,  0.02534,  0.02536,  0.02538]), array([-0.008,  0.008,  0.   , ..., -0.008,  0.008,  0.   ]))",285.79842877388
74,104.69688,288.4629797935486,"(array([-0.0246 , -0.02458, -0.02456, ...,  0.02534,  0.02536,  0.02538]), array([-5.36, -5.28, -5.28, ...,  5.36,  5.28,  5.36]))",289.02157330513,"(array([-0.0246 , -0.02458, -0.02456, ...,  0.02534,  0.02536,  0.02538]), array([0.008, 0.   , 0.   , ..., 0.   , 0.   , 0.   ]))",289.66610455513
75,104.83151,292.34774518013,"(array([-0.0246 , -0.02458, -0.02456, ...,  0.02534,  0.02536,  0.02538]), array([-5.36, -5.28, -5.36, ...,  5.28,  5.36,  5.28]))",292.91610455513,"(array([-0.0246 , -0.02458, -0.02456, ...,  0.02534,  0.02536,  0.02538]), array([-0.008,  0.   ,  0.008, ...,  0.008,  0.   , -0.008]))",293.56112408638
76,104.95969,296.2295813560486,"(array([-0.0246 , -0.02458, -0.02456, ...,  0.02534,  0.02536,  0.02538]), array([-5.36, -5.36, -5.36, ...,  5.28,  5.36,  5.36]))",296.7862219810486,"(array([-0.0246 , -0.02458, -0.02456, ...,  0.02534,  0.02536,  0.02538]), array([ 0.008,  0.008, -0.008, ...,  0.   , -0.008,  0.   ]))",297.4346594810486
77,105.08159,300.1221594810486,"(array([-0.0246 , -0.02458, -0.02456, ...,  0.02534,  0.02536,  0.02538]), array([-5.36, -5.36, -5.36, ...,  5.28,  5.36,  5.36]))",300.6753821372986,"(array([-0.0246 , -0.02458, -0.02456, ...,  0.02534,  0.02536,  0.02538]), array([0.008, 0.008, 0.   , ..., 0.   , 0.   , 0.   ]))",301.3106360435486
78,105.19689,303.98544049263,"(array([-0.0246 , -0.02458, -0.02456, ...,  0.02534,  0.02536,  0.02538]), array([-5.36, -5.36, -5.28, ...,  5.36,  5.36,  5.28]))",304.5498938560486,"(array([-0.0246 , -0.02458, -0.02456, ...,  0.02534,  0.02536,  0.02538]), array([-0.008,  0.   ,  0.   , ...,  0.016,  0.008,  0.   ]))",305.1963782310486
79,105.30727,307.8721594810486,"(array([-0.0246 , -0.02458, -0.02456, ...,  0.02534,  0.02536,  0.02538]), array([-5.28, -5.36, -5.36, ...,  5.36,  5.36,  5.28]))",308.45028424263,"(array([-0.0246 , -0.02458, -0.02456, ...,  0.02534,  0.02536,  0.02538]), array([ 0.008,  0.008,  0.   , ...,  0.008,  0.008, -0.008]))",309.10067486763
