,resistencia,marca_temporal_resistencia,tension_1,marca_temporal_tension_1,tension_2,marca_temporal_tension_2
0,20.017295,0.24169921875,"(array([-0.0246 , -0.02458, -0.02456, ...,  0.02534,  0.02536,  0.02538]), array([-7.04, -7.04, -7.04, ...,  7.04,  7.04,  7.12]))",0.79443359375,"(array([-0.0246 , -0.02458, -0.02456, ...,  0.02534,  0.02536,  0.02538]), array([-0.182, -0.182, -0.182, ...,  0.186,  0.186,  0.186]))",1.439453125
1,20.241367,4.358663082122803,"(array([-0.0246 , -0.02458, -0.02456, ...,  0.02534,  0.02536,  0.02538]), array([-7.04, -7.04, -7.04, ...,  7.04,  7.04,  7.04]))",4.966123104095459,"(array([-0.0246 , -0.02458, -0.02456, ...,  0.02534,  0.02536,  0.02538]), array([-0.18 , -0.18 , -0.182, ...,  0.186,  0.188,  0.184]))",5.675631999969482
2,21.059465,8.722063541412354,"(array([-0.0246 , -0.02458, -0.02456, ...,  0.02534,  0.02536,  0.02538]), array([-7.04, -7.04, -7.04, ...,  7.12,  7.12,  7.04]))",9.326300859451294,"(array([-0.0246 , -0.02458, -0.02456, ...,  0.02534,  0.02536,  0.02538]), array([-0.18 , -0.18 , -0.18 , ...,  0.184,  0.184,  0.184]))",10.031513214111328
3,24.476032,13.077407360076904,"(array([-0.0246 , -0.02458, -0.02456, ...,  0.02534,  0.02536,  0.02538]), array([-7.04, -7.04, -7.04, ...,  7.12,  7.12,  7.04]))",13.696095943450928,"(array([-0.0246 , -0.02458, -0.02456, ...,  0.02534,  0.02536,  0.02538]), array([-0.178, -0.178, -0.178, ...,  0.182,  0.182,  0.184]))",14.361626386642456
4,29.225782,17.086552143096924,"(array([-0.0246 , -0.02458, -0.02456, ...,  0.02534,  0.02536,  0.02538]), array([-7.04, -7.04, -7.04, ...,  7.04,  7.04,  7.12]))",17.65406370162964,"(array([-0.0246 , -0.02458, -0.02456, ...,  0.02534,  0.02536,  0.02538]), array([-0.176, -0.178, -0.174, ...,  0.18 ,  0.182,  0.18 ]))",18.291668176651
5,34.345488,21.011276721954346,"(array([-0.0246 , -0.02458, -0.02456, ...,  0.02534,  0.02536,  0.02538]), array([-7.04, -7.04, -7.04, ...,  7.12,  7.04,  7.04]))",21.58507251739502,"(array([-0.0246 , -0.02458, -0.02456, ...,  0.02534,  0.02536,  0.02538]), array([-0.172, -0.172, -0.174, ...,  0.176,  0.178,  0.178]))",22.230411529541016
6,39.37836,24.817009449005127,"(array([-0.0246 , -0.02458, -0.02456, ...,  0.02534,  0.02536,  0.02538]), array([-7.04, -7.04, -7.04, ...,  7.12,  7.12,  7.12]))",25.31949210166931,"(array([-0.0246 , -0.02458, -0.02456, ...,  0.02534,  0.02536,  0.02538]), array([-0.172, -0.17 , -0.17 , ...,  0.176,  0.174,  0.174]))",25.89245295524597
7,43.865651,28.34570002555847,"(array([-0.0246 , -0.02458, -0.02456, ...,  0.02534,  0.02536,  0.02538]), array([-7.04, -7.04, -7.04, ...,  7.04,  7.04,  7.12]))",28.85166311264038,"(array([-0.0246 , -0.02458, -0.02456, ...,  0.02534,  0.02536,  0.02538]), array([-0.166, -0.166, -0.168, ...,  0.172,  0.172,  0.17 ]))",29.4381103515625
8,47.843925,31.904408931732178,"(array([-0.0246 , -0.02458, -0.02456, ...,  0.02534,  0.02536,  0.02538]), array([-7.04, -7.04, -7.04, ...,  7.12,  7.04,  7.12]))",32.42646789550781,"(array([-0.0246 , -0.02458, -0.02456, ...,  0.02534,  0.02536,  0.02538]), array([-0.164, -0.164, -0.166, ...,  0.168,  0.168,  0.168]))",33.039318561553955
9,51.389696,35.735469341278076,"(array([-0.0246 , -0.02458, -0.02456, ...,  0.02534,  0.02536,  0.02538]), array([-7.04, -7.04, -7.04, ...,  7.12,  7.04,  7.12]))",36.290587425231934,"(array([-0.0246 , -0.02458, -0.02456, ...,  0.02534,  0.02536,  0.02538]), array([-0.162, -0.162, -0.162, ...,  0.164,  0.168,  0.166]))",36.91796636581421
10,54.631912,39.61555290222168,"(array([-0.0246 , -0.02458, -0.02456, ...,  0.02534,  0.02536,  0.02538]), array([-7.12, -7.04, -7.04, ...,  7.12,  7.12,  7.12]))",40.17737054824829,"(array([-0.0246 , -0.02458, -0.02456, ...,  0.02534,  0.02536,  0.02538]), array([-0.158, -0.16 , -0.16 , ...,  0.162,  0.162,  0.162]))",40.81288480758667
11,57.61165,43.62923502922058,"(array([-0.0246 , -0.02458, -0.02456, ...,  0.02534,  0.02536,  0.02538]), array([-7.04, -7.04, -7.04, ...,  7.12,  7.12,  7.12]))",44.2451229095459,"(array([-0.0246 , -0.02458, -0.02456, ...,  0.02534,  0.02536,  0.02538]), array([-0.156, -0.156, -0.156, ...,  0.158,  0.16 ,  0.162]))",44.94681429862976
12,60.348612,47.92202711105347,"(array([-0.0246 , -0.02458, -0.02456, ...,  0.02534,  0.02536,  0.02538]), array([-7.04, -7.04, -7.04, ...,  7.04,  7.12,  7.04]))",48.543705463409424,"(array([-0.0246 , -0.02458, -0.02456, ...,  0.02534,  0.02536,  0.02538]), array([-0.154, -0.152, -0.154, ...,  0.158,  0.156,  0.158]))",49.2401328086853
13,62.884532,52.20481777191162,"(array([-0.0246 , -0.02458, -0.02456, ...,  0.02534,  0.02536,  0.02538]), array([-7.04, -7.04, -7.04, ...,  7.04,  7.12,  7.12]))",52.799230337142944,"(array([-0.0246 , -0.02458, -0.02456, ...,  0.02534,  0.02536,  0.02538]), array([-0.15 , -0.15 , -0.15 , ...,  0.152,  0.152,  0.152]))",53.462817430496216
14,65.248962,56.22941875457764,"(array([-0.0246 , -0.02458, -0.02456, ...,  0.02534,  0.02536,  0.02538]), array([-7.04, -7.04, -7.04, ...,  7.12,  7.04,  7.12]))",56.79436016082764,"(array([-0.0246 , -0.02458, -0.02456, ...,  0.02534,  0.02536,  0.02538]), array([-0.146, -0.146, -0.148, ...,  0.152,  0.15 ,  0.15 ]))",57.43205547332764
15,67.451481,60.18303203582764,"(array([-0.0246 , -0.02458, -0.02456, ...,  0.02534,  0.02536,  0.02538]), array([-7.04, -7.04, -7.04, ...,  7.12,  7.12,  7.12]))",60.73381328582764,"(array([-0.0246 , -0.02458, -0.02456, ...,  0.02534,  0.02536,  0.02538]), array([-0.142, -0.142, -0.142, ...,  0.146,  0.148,  0.146]))",61.37443828582764
16,69.529753,64.14201664924622,"(array([-0.0246 , -0.02458, -0.02456, ...,  0.02534,  0.02536,  0.02538]), array([-7.04, -7.12, -7.04, ...,  7.12,  7.12,  7.12]))",64.70061016082764,"(array([-0.0246 , -0.02458, -0.02456, ...,  0.02534,  0.02536,  0.02538]), array([-0.14 , -0.138, -0.14 , ...,  0.142,  0.142,  0.144]))",65.34904766082764
17,71.482791,68.11857891082764,"(array([-0.0246 , -0.02458, -0.02456, ...,  0.02534,  0.02536,  0.02538]), array([-7.04, -7.04, -7.04, ...,  7.12,  7.12,  7.12]))",68.68498516082764,"(array([-0.0246 , -0.02458, -0.02456, ...,  0.02534,  0.02536,  0.02538]), array([-0.134, -0.136, -0.134, ...,  0.14 ,  0.138,  0.136]))",69.33342266082764
18,73.320812,72.09562969207764,"(array([-0.0246 , -0.02458, -0.02456, ...,  0.02534,  0.02536,  0.02538]), array([-7.04, -7.12, -7.04, ...,  7.12,  7.12,  7.12]))",72.67033672332764,"(array([-0.0246 , -0.02458, -0.02456, ...,  0.02534,  0.02536,  0.02538]), array([-0.132, -0.132, -0.13 , ...,  0.134,  0.134,  0.136]))",73.31877422332764
19,75.045182,76.07463359832764,"(array([-0.0246 , -0.02458, -0.02456, ...,  0.02534,  0.02536,  0.02538]), array([-7.04, -7.04, -7.04, ...,  7.12,  7.12,  7.12]))",76.62736797332764,"(array([-0.0246 , -0.02458, -0.02456, ...,  0.02534,  0.02536,  0.02538]), array([-0.126, -0.126, -0.128, ...,  0.128,  0.13 ,  0.132]))",77.26213359832764
20,76.655913,80.02385234832764,"(array([-0.0246 , -0.02458, -0.02456, ...,  0.02534,  0.02536,  0.02538]), array([-7.04, -7.04, -7.04, ...,  7.12,  7.12,  7.12]))",80.57658696174622,"(array([-0.0246 , -0.02458, -0.02456, ...,  0.02534,  0.02536,  0.02538]), array([-0.122, -0.122, -0.12 , ...,  0.126,  0.126,  0.126]))",81.41057109832764
21,78.329678,84.36955547332764,"(array([-0.0246 , -0.02458, -0.02456, ...,  0.02534,  0.02536,  0.02538]), array([-7.04, -7.04, -7.04, ...,  7.12,  7.12,  7.12]))",84.92228984832764,"(array([-0.0246 , -0.02458, -0.02456, ...,  0.02534,  0.02536,  0.02538]), array([-0.116, -0.116, -0.116, ...,  0.12 ,  0.118,  0.122]))",85.56486821174622
22,79.755412,88.33146953582764,"(array([-0.0246 , -0.02458, -0.02456, ...,  0.02534,  0.02536,  0.02538]), array([-7.04, -7.04, -7.04, ...,  7.12,  7.12,  7.12]))",88.90422344207764,"(array([-0.0246 , -0.02458, -0.02456, ...,  0.02534,  0.02536,  0.02538]), array([-0.11 , -0.112, -0.112, ...,  0.116,  0.114,  0.114]))",89.55314922332764
23,81.098165,92.30705571174622,"(array([-0.0246 , -0.02458, -0.02456, ...,  0.02534,  0.02536,  0.02538]), array([-7.04, -7.04, -7.04, ...,  7.12,  7.12,  7.12]))",92.88322734832764,"(array([-0.0246 , -0.02458, -0.02456, ...,  0.02534,  0.02536,  0.02538]), array([-0.106, -0.106, -0.106, ...,  0.11 ,  0.11 ,  0.11 ]))",93.52971172332764
24,82.371068,96.27971172332764,"(array([-0.0246 , -0.02458, -0.02456, ...,  0.02534,  0.02536,  0.02538]), array([-7.12, -7.04, -7.04, ...,  7.12,  7.12,  7.12]))",96.86955547332764,"(array([-0.0246 , -0.02458, -0.02456, ...,  0.02534,  0.02536,  0.02538]), array([-0.098, -0.1  , -0.1  , ...,  0.104,  0.102,  0.104]))",97.54533672332764
25,83.584747,100.30900859832764,"(array([-0.0246 , -0.02458, -0.02456, ...,  0.02534,  0.02536,  0.02538]), array([-7.12, -7.04, -7.04, ...,  7.12,  7.12,  7.12]))",100.86174297332764,"(array([-0.0246 , -0.02458, -0.02456, ...,  0.02534,  0.02536,  0.02538]), array([-0.092, -0.092, -0.094, ...,  0.098,  0.098,  0.096]))",101.50627422332764
26,84.713089,104.3932933807373,"(array([-0.0246 , -0.02458, -0.02456, ...,  0.02534,  0.02536,  0.02538]), array([-7.04, -7.04, -7.04, ...,  7.12,  7.12,  7.12]))",105.01258420944214,"(array([-0.0246 , -0.02458, -0.02456, ...,  0.02534,  0.02536,  0.02538]), array([-0.086, -0.086, -0.084, ...,  0.09 ,  0.09 ,  0.088]))",105.71566438674927
27,85.782784,108.74390459060669,"(array([-0.0246 , -0.02458, -0.02456, ...,  0.02534,  0.02536,  0.02538]), array([-7.12, -7.04, -7.04, ...,  7.12,  7.12,  7.12]))",109.34385919570923,"(array([-0.0246 , -0.02458, -0.02456, ...,  0.02534,  0.02536,  0.02538]), array([-0.076, -0.076, -0.08 , ...,  0.082,  0.08 ,  0.08 ]))",110.04693937301636
28,86.796334,113.09451580047607,"(array([-0.0246 , -0.02458, -0.02456, ...,  0.02534,  0.02536,  0.02538]), array([-7.04, -7.12, -7.12, ...,  7.12,  7.12,  7.12]))",113.70091581344604,"(array([-0.0246 , -0.02458, -0.02456, ...,  0.02534,  0.02536,  0.02538]), array([-0.066, -0.068, -0.068, ...,  0.072,  0.07 ,  0.07 ]))",114.37262773513794
29,87.761323,117.11511707305908,"(array([-0.0246 , -0.02458, -0.02456, ...,  0.02534,  0.02536,  0.02538]), array([-7.12, -7.04, -7.12, ...,  7.12,  7.12,  7.12]))",117.68214559555054,"(array([-0.0246 , -0.02458, -0.02456, ...,  0.02534,  0.02536,  0.02538]), array([-0.058, -0.058, -0.058, ...,  0.062,  0.062,  0.062]))",118.32458400726318
30,88.681788,121.04612588882446,"(array([-0.0246 , -0.02458, -0.02456, ...,  0.02534,  0.02536,  0.02538]), array([-7.12, -7.04, -7.12, ...,  7.12,  7.12,  7.12]))",121.60590314865112,"(array([-0.0246 , -0.02458, -0.02456, ...,  0.02534,  0.02536,  0.02538]), array([-0.048, -0.048, -0.046, ...,  0.052,  0.052,  0.052]))",122.2372236251831
31,89.550572,124.8669970035553,"(array([-0.0246 , -0.02458, -0.02456, ...,  0.02534,  0.02536,  0.02538]), array([-7.12, -7.04, -7.04, ...,  7.12,  7.04,  7.12]))",125.35686349868774,"(array([-0.0246 , -0.02458, -0.02456, ...,  0.02534,  0.02536,  0.02538]), array([-0.04 , -0.04 , -0.042, ...,  0.044,  0.044,  0.044]))",125.92460370063782
32,90.375205,128.38872694969177,"(array([-0.0246 , -0.02458, -0.02456, ...,  0.02534,  0.02536,  0.02538]), array([-7.04, -7.04, -7.04, ...,  7.04,  7.12,  7.12]))",128.90252113342285,"(array([-0.0246 , -0.02458, -0.02456, ...,  0.02534,  0.02536,  0.02538]), array([-0.032, -0.03 , -0.03 , ...,  0.034,  0.034,  0.032]))",129.4785270690918
33,91.165583,131.92742371559143,"(array([-0.0246 , -0.02458, -0.02456, ...,  0.02534,  0.02536,  0.02538]), array([-7.04, -7.04, -7.04, ...,  7.12,  7.12,  7.12]))",132.41903018951416,"(array([-0.0246 , -0.02458, -0.02456, ...,  0.02534,  0.02536,  0.02538]), array([-0.026, -0.024, -0.024, ...,  0.028,  0.028,  0.028]))",133.00965213775635
34,91.918711,135.7131998538971,"(array([-0.0246 , -0.02458, -0.02456, ...,  0.02534,  0.02536,  0.02538]), array([-7.12, -7.04, -7.12, ...,  7.12,  7.12,  7.12]))",136.2769317626953,"(array([-0.0246 , -0.02458, -0.02456, ...,  0.02534,  0.02536,  0.02538]), array([-0.02 , -0.02 , -0.02 , ...,  0.024,  0.024,  0.024]))",136.91914582252502
35,92.639587,139.62247467041016,"(array([-0.0246 , -0.02458, -0.02456, ...,  0.02534,  0.02536,  0.02538]), array([-7.04, -7.12, -7.04, ...,  7.12,  7.12,  7.12]))",140.20870518684387,"(array([-0.0246 , -0.02458, -0.02456, ...,  0.02534,  0.02536,  0.02538]), array([-0.016, -0.018, -0.018, ...,  0.022,  0.022,  0.02 ]))",140.86338424682617
36,93.327919,143.6408293247223,"(array([-0.0246 , -0.02458, -0.02456, ...,  0.02534,  0.02536,  0.02538]), array([-7.04, -7.04, -7.04, ...,  7.12,  7.12,  7.12]))",144.26253724098206,"(array([-0.0246 , -0.02458, -0.02456, ...,  0.02534,  0.02536,  0.02538]), array([-0.016, -0.016, -0.018, ...,  0.02 ,  0.02 ,  0.02 ]))",144.964262008667
37,93.982506,147.9317193031311,"(array([-0.0246 , -0.02458, -0.02456, ...,  0.02534,  0.02536,  0.02538]), array([-7.04, -7.04, -7.04, ...,  7.12,  7.12,  7.12]))",148.51973581314087,"(array([-0.0246 , -0.02458, -0.02456, ...,  0.02534,  0.02536,  0.02538]), array([-0.014, -0.016, -0.014, ...,  0.02 ,  0.02 ,  0.018]))",149.20250916481018
38,94.597287,152.18312740325928,"(array([-0.0246 , -0.02458, -0.02456, ...,  0.02534,  0.02536,  0.02538]), array([-7.04, -7.04, -7.04, ...,  7.04,  7.12,  7.12]))",152.79851818084717,"(array([-0.0246 , -0.02458, -0.02456, ...,  0.02534,  0.02536,  0.02538]), array([-0.014, -0.014, -0.014, ...,  0.018,  0.018,  0.018]))",153.4869990348816
39,95.188981,156.25681161880493,"(array([-0.0246 , -0.02458, -0.02456, ...,  0.02534,  0.02536,  0.02538]), array([-7.04, -7.04, -7.12, ...,  7.12,  7.12,  7.12]))",156.82712411880493,"(array([-0.0246 , -0.02458, -0.02456, ...,  0.02534,  0.02536,  0.02538]), array([-0.012, -0.014, -0.016, ...,  0.016,  0.02 ,  0.018]))",157.46970224380493
40,95.746743,160.22360849380493,"(array([-0.0246 , -0.02458, -0.02456, ...,  0.02534,  0.02536,  0.02538]), array([-7.04, -7.12, -7.12, ...,  7.12,  7.12,  7.12]))",160.79782724380493,"(array([-0.0246 , -0.02458, -0.02456, ...,  0.02534,  0.02536,  0.02538]), array([-0.014, -0.012, -0.014, ...,  0.018,  0.016,  0.018]))",161.44431161880493
41,96.280568,164.19626474380493,"(array([-0.0246 , -0.02458, -0.02456, ...,  0.02534,  0.02536,  0.02538]), array([-7.12, -7.12, -7.04, ...,  7.12,  7.12,  7.12]))",164.74704575538635,"(array([-0.0246 , -0.02458, -0.02456, ...,  0.02534,  0.02536,  0.02538]), array([-0.014, -0.012, -0.014, ...,  0.016,  0.018,  0.018]))",165.39743661880493
42,96.789676,168.17429208755493,"(array([-0.0246 , -0.02458, -0.02456, ...,  0.02534,  0.02536,  0.02538]), array([-7.04, -7.04, -7.04, ...,  7.12,  7.12,  7.12]))",168.75778818130493,"(array([-0.0246 , -0.02458, -0.02456, ...,  0.02534,  0.02536,  0.02538]), array([-0.014, -0.012, -0.012, ...,  0.018,  0.016,  0.018]))",169.41599106788635
43,97.276469,172.16989755630493,"(array([-0.0246 , -0.02458, -0.02456, ...,  0.02534,  0.02536,  0.02538]), array([-7.04, -7.12, -7.04, ...,  7.12,  7.12,  7.12]))",172.73825693130493,"(array([-0.0246 , -0.02458, -0.02456, ...,  0.02534,  0.02536,  0.02538]), array([-0.012, -0.012, -0.014, ...,  0.014,  0.016,  0.016]))",173.38083481788635
44,97.738784,176.13278794288635,"(array([-0.0246 , -0.02458, -0.02456, ...,  0.02534,  0.02536,  0.02538]), array([-7.12, -7.12, -7.12, ...,  7.12,  7.12,  7.12]))",176.68356919288635,"(array([-0.0246 , -0.02458, -0.02456, ...,  0.02534,  0.02536,  0.02538]), array([-0.012, -0.012, -0.012, ...,  0.016,  0.016,  0.018]))",177.32468271255493
45,98.180251,180.09226083755493,"(array([-0.0246 , -0.02458, -0.02456, ...,  0.02534,  0.02536,  0.02538]), array([-7.04, -7.04, -7.04, ...,  7.12,  7.12,  7.12]))",180.65866708755493,"(array([-0.0246 , -0.02458, -0.02456, ...,  0.02534,  0.02536,  0.02538]), array([-0.014, -0.014, -0.012, ...,  0.014,  0.016,  0.016]))",181.30270981788635
46,98.599341,184.05661606788635,"(array([-0.0246 , -0.02458, -0.02456, ...,  0.02534,  0.02536,  0.02538]), array([-7.04, -7.12, -7.12, ...,  7.12,  7.12,  7.12]))",184.62302231788635,"(array([-0.0246 , -0.02458, -0.02456, ...,  0.02534,  0.02536,  0.02538]), array([-0.014, -0.012, -0.01 , ...,  0.016,  0.016,  0.016]))",185.26462388038635
47,99.007932,188.01755380630493,"(array([-0.0246 , -0.02458, -0.02456, ...,  0.02534,  0.02536,  0.02538]), array([-7.04, -7.12, -7.12, ...,  7.12,  7.12,  7.12]))",188.56442880630493,"(array([-0.0246 , -0.02458, -0.02456, ...,  0.02534,  0.02536,  0.02538]), array([-0.012, -0.012, -0.012, ...,  0.018,  0.016,  0.016]))",189.20505380630493
48,99.402211,191.97751450538635,"(array([-0.0246 , -0.02458, -0.02456, ...,  0.02534,  0.02536,  0.02538]), array([-7.04, -7.04, -7.12, ...,  7.12,  7.12,  7.12]))",192.55368661880493,"(array([-0.0246 , -0.02458, -0.02456, ...,  0.02534,  0.02536,  0.02538]), array([-0.012, -0.01 , -0.01 , ...,  0.018,  0.016,  0.016]))",193.19919443130493
49,99.780396,196.18540406227112,"(array([-0.0246 , -0.02458, -0.02456, ...,  0.02534,  0.02536,  0.02538]), array([-7.04, -7.04, -7.04, ...,  7.12,  7.04,  7.12]))",196.80685758590698,"(array([-0.0246 , -0.02458, -0.02456, ...,  0.02534,  0.02536,  0.02538]), array([-0.01 , -0.012, -0.012, ...,  0.016,  0.016,  0.016]))",197.51049137115479
50,100.14633,200.53020811080933,"(array([-0.0246 , -0.02458, -0.02456, ...,  0.02534,  0.02536,  0.02538]), array([-7.04, -7.04, -7.04, ...,  7.04,  7.04,  7.04]))",201.16508960723877,"(array([-0.0246 , -0.02458, -0.02456, ...,  0.02534,  0.02536,  0.02538]), array([-0.012, -0.012, -0.012, ...,  0.016,  0.016,  0.016]))",201.9471435546875
51,100.50492,204.9849944114685,"(array([-0.0246 , -0.02458, -0.02456, ...,  0.02534,  0.02536,  0.02538]), array([-7.04, -7.04, -7.04, ...,  7.04,  7.12,  7.12]))",205.5505723953247,"(array([-0.0246 , -0.02458, -0.02456, ...,  0.02534,  0.02536,  0.02538]), array([-0.012, -0.01 , -0.012, ...,  0.014,  0.016,  0.016]))",206.19639492034912
52,100.84241,208.9285717010498,"(array([-0.0246 , -0.02458, -0.02456, ...,  0.02534,  0.02536,  0.02538]), array([-7.04, -7.04, -7.04, ...,  7.04,  7.04,  7.12]))",209.4806146621704,"(array([-0.0246 , -0.02458, -0.02456, ...,  0.02534,  0.02536,  0.02538]), array([-0.012, -0.012, -0.01 , ...,  0.016,  0.016,  0.016]))",210.1167688369751
53,101.16388,212.84991264343262,"(array([-0.0246 , -0.02458, -0.02456, ...,  0.02534,  0.02536,  0.02538]), array([-7.04, -7.04, -7.04, ...,  7.04,  7.12,  7.04]))",213.38987016677856,"(array([-0.0246 , -0.02458, -0.02456, ...,  0.02534,  0.02536,  0.02538]), array([-0.012, -0.012, -0.01 , ...,  0.016,  0.016,  0.016]))",214.02360773086548
54,101.4698,216.5342662334442,"(array([-0.0246 , -0.02458, -0.02456, ...,  0.02534,  0.02536,  0.02538]), array([-7.04, -7.04, -7.04, ...,  7.04,  7.12,  7.04]))",217.04895997047424,"(array([-0.0246 , -0.02458, -0.02456, ...,  0.02534,  0.02536,  0.02538]), array([-0.012, -0.012, -0.012, ...,  0.016,  0.016,  0.016]))",217.62673950195312
55,101.76217,220.07620191574097,"(array([-0.0246 , -0.02458, -0.02456, ...,  0.02534,  0.02536,  0.02538]), array([-7.04, -7.04, -7.04, ...,  7.04,  7.04,  7.04]))",220.5660834312439,"(array([-0.0246 , -0.02458, -0.02456, ...,  0.02534,  0.02536,  0.02538]), array([-0.01 , -0.012, -0.01 , ...,  0.014,  0.016,  0.016]))",221.1368887424469
56,102.03889,223.6271300315857,"(array([-0.0246 , -0.02458, -0.02456, ...,  0.02534,  0.02536,  0.02538]), array([-7.04, -7.04, -7.04, ...,  7.04,  7.04,  7.04]))",224.16456985473633,"(array([-0.0246 , -0.02458, -0.02456, ...,  0.02534,  0.02536,  0.02538]), array([-0.012, -0.01 , -0.014, ...,  0.014,  0.016,  0.016]))",224.9537398815155
57,102.32486,227.82853984832764,"(array([-0.0246 , -0.02458, -0.02456, ...,  0.02534,  0.02536,  0.02538]), array([-7.04, -7.04, -7.04, ...,  7.04,  7.04,  7.12]))",228.3640651702881,"(array([-0.0246 , -0.02458, -0.02456, ...,  0.02534,  0.02536,  0.02538]), array([-0.012, -0.01 , -0.01 , ...,  0.016,  0.016,  0.014]))",228.9948272705078
58,102.57519,231.71215772628784,"(array([-0.0246 , -0.02458, -0.02456, ...,  0.02534,  0.02536,  0.02538]), array([-7.04, -7.04, -7.04, ...,  7.04,  7.04,  7.04]))",232.26442527770996,"(array([-0.0246 , -0.02458, -0.02456, ...,  0.02534,  0.02536,  0.02538]), array([-0.01 , -0.01 , -0.012, ...,  0.016,  0.016,  0.016]))",232.89815378189087
59,102.81367,235.84273982048035,"(array([-0.0246 , -0.02458, -0.02456, ...,  0.02534,  0.02536,  0.02538]), array([-7.04, -7.04, -6.96, ...,  7.04,  7.04,  7.04]))",236.46760606765747,"(array([-0.0246 , -0.02458, -0.02456, ...,  0.02534,  0.02536,  0.02538]), array([-0.01 , -0.012, -0.012, ...,  0.014,  0.014,  0.016]))",237.1730124950409
60,103.04083,240.14360570907593,"(array([-0.0246 , -0.02458, -0.02456, ...,  0.02534,  0.02536,  0.02538]), array([-7.04, -7.04, -7.04, ...,  7.04,  7.04,  7.04]))",240.76110219955444,"(array([-0.0246 , -0.02458, -0.02456, ...,  0.02534,  0.02536,  0.02538]), array([-0.012, -0.012, -0.012, ...,  0.014,  0.016,  0.014]))",241.4580888748169
61,103.25607,244.3910415172577,"(array([-0.0246 , -0.02458, -0.02456, ...,  0.02534,  0.02536,  0.02538]), array([-7.04, -7.04, -7.04, ...,  7.04,  7.04,  7.04]))",244.94377613067627,"(array([-0.0246 , -0.02458, -0.02456, ...,  0.02534,  0.02536,  0.02538]), array([-0.012, -0.01 , -0.01 , ...,  0.016,  0.014,  0.018]))",245.58879566192627
62,103.46101,248.35930347442627,"(array([-0.0246 , -0.02458, -0.02456, ...,  0.02534,  0.02536,  0.02538]), array([-7.04, -7.04, -7.04, ...,  7.12,  7.04,  7.04]))",248.9296157360077,"(array([-0.0246 , -0.02458, -0.02456, ...,  0.02534,  0.02536,  0.02538]), array([-0.01 , -0.01 , -0.01 , ...,  0.014,  0.014,  0.016]))",249.57414722442627
63,103.65573,252.32365894317627,"(array([-0.0246 , -0.02458, -0.02456, ...,  0.02534,  0.02536,  0.02538]), array([-6.96, -7.04, -7.04, ...,  7.12,  7.04,  7.04]))",252.89104175567627,"(array([-0.0246 , -0.02458, -0.02456, ...,  0.02534,  0.02536,  0.02538]), array([-0.012, -0.01 , -0.012, ...,  0.014,  0.016,  0.016]))",253.53020191192627
64,103.84018,256.27580738067627,"(array([-0.0246 , -0.02458, -0.02456, ...,  0.02534,  0.02536,  0.02538]), array([-7.04, -7.04, -7.04, ...,  7.04,  7.04,  7.04]))",256.85002613067627,"(array([-0.0246 , -0.02458, -0.02456, ...,  0.02534,  0.02536,  0.02538]), array([-0.012, -0.01 , -0.012, ...,  0.016,  0.016,  0.014]))",257.49895191192627
65,104.01711,260.24944019317627,"(array([-0.0246 , -0.02458, -0.02456, ...,  0.02534,  0.02536,  0.02538]), array([-6.96, -7.04, -7.04, ...,  7.04,  7.04,  7.04]))",260.84026050567627,"(array([-0.0246 , -0.02458, -0.02456, ...,  0.02534,  0.02536,  0.02538]), array([-0.012, -0.01 , -0.01 , ...,  0.014,  0.016,  0.014]))",261.50432300567627
66,104.18643,264.25481128692627,"(array([-0.0246 , -0.02458, -0.02456, ...,  0.02534,  0.02536,  0.02538]), array([-7.04, -6.96, -7.04, ...,  7.04,  7.12,  7.12]))",264.82756519317627,"(array([-0.0246 , -0.02458, -0.02456, ...,  0.02534,  0.02536,  0.02538]), array([-0.012, -0.01 , -0.008, ...,  0.014,  0.014,  0.016]))",265.46965503692627
67,104.3455,268.21672534942627,"(array([-0.0246 , -0.02458, -0.02456, ...,  0.02534,  0.02536,  0.02538]), array([-7.04, -6.96, -7.04, ...,  7.04,  7.04,  7.12]))",268.77092456817627,"(array([-0.0246 , -0.02458, -0.02456, ...,  0.02534,  0.02536,  0.02538]), array([-0.01 , -0.012, -0.01 , ...,  0.014,  0.014,  0.014]))",269.41594409942627
68,104.49768,272.18547534942627,"(array([-0.0246 , -0.02458, -0.02456, ...,  0.02534,  0.02536,  0.02538]), array([-7.04, -7.04, -7.04, ...,  7.04,  7.04,  7.04]))",272.78508472442627,"(array([-0.0246 , -0.02458, -0.02456, ...,  0.02534,  0.02536,  0.02538]), array([-0.01 , -0.01 , -0.01 , ...,  0.014,  0.014,  0.016]))",273.46819019317627
69,104.64481,276.45672035217285,"(array([-0.0246 , -0.02458, -0.02456, ...,  0.02534,  0.02536,  0.02538]), array([-7.04, -6.96, -7.04, ...,  7.12,  7.04,  7.04]))",277.0631060600281,"(array([-0.0246 , -0.02458, -0.02456, ...,  0.02534,  0.02536,  0.02538]), array([-0.012, -0.012, -0.01 , ...,  0.014,  0.014,  0.016]))",277.76724433898926
70,104.78221,280.80830430984497,"(array([-0.0246 , -0.02458, -0.02456, ...,  0.02534,  0.02536,  0.02538]), array([-7.04, -7.04, -7.04, ...,  7.04,  7.04,  7.04]))",281.44530487060547,"(array([-0.0246 , -0.02458, -0.02456, ...,  0.02534,  0.02536,  0.02538]), array([-0.01 , -0.01 , -0.012, ...,  0.016,  0.014,  0.016]))",282.1612591743469
71,104.91322,285.1587655544281,"(array([-0.0246 , -0.02458, -0.02456, ...,  0.02534,  0.02536,  0.02538]), array([-6.96, -7.04, -7.04, ...,  7.04,  7.04,  7.04]))",285.7057595252991,"(array([-0.0246 , -0.02458, -0.02456, ...,  0.02534,  0.02536,  0.02538]), array([-0.01 , -0.01 , -0.01 , ...,  0.016,  0.014,  0.014]))",286.3443307876587
72,105.03902,289.0876259803772,"(array([-0.0246 , -0.02458, -0.02456, ...,  0.02534,  0.02536,  0.02538]), array([-7.04, -6.96, -7.04, ...,  7.04,  7.04,  7.04]))",289.6541705131531,"(array([-0.0246 , -0.02458, -0.02456, ...,  0.02534,  0.02536,  0.02538]), array([-0.01 , -0.01 , -0.01 , ...,  0.014,  0.016,  0.014]))",290.28887486457825
73,105.15856,293.0113835334778,"(array([-0.0246 , -0.02458, -0.02456, ...,  0.02534,  0.02536,  0.02538]), array([-7.04, -7.04, -7.04, ...,  7.04,  7.04,  7.04]))",293.55424189567566,"(array([-0.0246 , -0.02458, -0.02456, ...,  0.02534,  0.02536,  0.02538]), array([-0.01 , -0.01 , -0.01 , ...,  0.014,  0.014,  0.016]))",294.1899127960205
74,105.27173,296.72230529785156,"(array([-0.0246 , -0.02458, -0.02456, ...,  0.02534,  0.02536,  0.02538]), array([-7.04, -6.96, -7.04, ...,  7.04,  7.04,  7.04]))",297.2282683849335,"(array([-0.0246 , -0.02458, -0.02456, ...,  0.02534,  0.02536,  0.02538]), array([-0.01 , -0.01 , -0.01 , ...,  0.014,  0.016,  0.014]))",297.80340456962585
75,105.3807,300.2601318359375,"(array([-0.0246 , -0.02458, -0.02456, ...,  0.02534,  0.02536,  0.02538]), array([-6.96, -7.04, -7.04, ...,  7.04,  7.04,  7.04]))",300.76435470581055,"(array([-0.0246 , -0.02458, -0.02456, ...,  0.02534,  0.02536,  0.02538]), array([-0.012, -0.01 , -0.01 , ...,  0.016,  0.018,  0.014]))",301.33296513557434
76,105.48349,303.79499864578247,"(array([-0.0246 , -0.02458, -0.02456, ...,  0.02534,  0.02536,  0.02538]), array([-7.04, -7.04, -7.04, ...,  7.04,  7.04,  7.12]))",304.34894323349,"(array([-0.0246 , -0.02458, -0.02456, ...,  0.02534,  0.02536,  0.02538]), array([-0.01 , -0.01 , -0.01 , ...,  0.014,  0.014,  0.016]))",304.98495292663574
