,resistencia,marca_temporal_resistencia,tension_1,marca_temporal_tension_1,tension_2,marca_temporal_tension_2
0,19.082053,0.24503040313720703,"(array([-0.0246 , -0.02458, -0.02456, ...,  0.02534,  0.02536,  0.02538]), array([-6.64, -6.56, -6.64, ...,  6.64,  6.56,  6.64]))",0.8463072776794434,"(array([-0.0246 , -0.02458, -0.02456, ...,  0.02534,  0.02536,  0.02538]), array([-0.008,  0.008, -0.008, ...,  0.   ,  0.   ,  0.   ]))",1.5468344688415527
1,19.919754,4.32422661781311,"(array([-0.0246 , -0.02458, -0.02456, ...,  0.02534,  0.02536,  0.02538]), array([-6.56, -6.64, -6.56, ...,  6.64,  6.64,  6.64]))",4.943828821182251,"(array([-0.0246 , -0.02458, -0.02456, ...,  0.02534,  0.02536,  0.02538]), array([-0.008,  0.008,  0.008, ...,  0.   , -0.008, -0.008]))",5.64818549156189
2,19.873367,8.417707443237305,"(array([-0.0246 , -0.02458, -0.02456, ...,  0.02534,  0.02536,  0.02538]), array([-6.56, -6.56, -6.64, ...,  6.64,  6.64,  6.64]))",9.01414680480957,"(array([-0.0246 , -0.02458, -0.02456, ...,  0.02534,  0.02536,  0.02538]), array([ 0.   ,  0.   ,  0.   , ..., -0.008,  0.   ,  0.   ]))",9.707974910736084
3,19.982765,12.407389879226685,"(array([-0.0246 , -0.02458, -0.02456, ...,  0.02534,  0.02536,  0.02538]), array([-6.56, -6.56, -6.56, ...,  6.64,  6.64,  6.64]))",12.958171129226685,"(array([-0.0246 , -0.02458, -0.02456, ...,  0.02534,  0.02536,  0.02538]), array([0., 0., 0., ..., 0., 0., 0.]))",13.578288316726685
4,20.120106,16.141764879226685,"(array([-0.0246 , -0.02458, -0.02456, ...,  0.02534,  0.02536,  0.02538]), array([-6.56, -6.56, -6.56, ...,  6.64,  6.64,  6.64]))",16.710124254226685,"(array([-0.0246 , -0.02458, -0.02456, ...,  0.02534,  0.02536,  0.02538]), array([ 0.   ,  0.008,  0.   , ..., -0.008, -0.008,  0.   ]))",17.385905504226685
5,20.40421,19.983561754226685,"(array([-0.0246 , -0.02458, -0.02456, ...,  0.02534,  0.02536,  0.02538]), array([-6.56, -6.56, -6.64, ...,  6.64,  6.56,  6.64]))",20.540202379226685,"(array([-0.0246 , -0.02458, -0.02456, ...,  0.02534,  0.02536,  0.02538]), array([-0.008,  0.008,  0.008, ...,  0.   ,  0.   ,  0.008]))",21.169108629226685
6,21.463864,23.731608629226685,"(array([-0.0246 , -0.02458, -0.02456, ...,  0.02534,  0.02536,  0.02538]), array([-6.56, -6.64, -6.56, ...,  6.64,  6.64,  6.64]))",24.282389879226685,"(array([-0.0246 , -0.02458, -0.02456, ...,  0.02534,  0.02536,  0.02538]), array([0.008, 0.008, 0.   , ..., 0.   , 0.   , 0.   ]))",24.924968004226685
7,25.250938,27.506999254226685,"(array([-0.0246 , -0.02458, -0.02456, ...,  0.02534,  0.02536,  0.02538]), array([-6.56, -6.56, -6.56, ...,  6.56,  6.64,  6.64]))",28.061686754226685,"(array([-0.0246 , -0.02458, -0.02456, ...,  0.02534,  0.02536,  0.02538]), array([-0.008,  0.016,  0.008, ...,  0.008,  0.   ,  0.008]))",28.710124254226685
8,30.517064,31.292155504226685,"(array([-0.0246 , -0.02458, -0.02456, ...,  0.02534,  0.02536,  0.02538]), array([-6.64, -6.56, -6.64, ...,  6.64,  6.56,  6.64]))",31.843425035476685,"(array([-0.0246 , -0.02458, -0.02456, ...,  0.02534,  0.02536,  0.02538]), array([ 0.008, -0.008,  0.   , ...,  0.   , -0.008,  0.008]))",32.484538316726685
9,35.903401,35.064616441726685,"(array([-0.0246 , -0.02458, -0.02456, ...,  0.02534,  0.02536,  0.02538]), array([-6.64, -6.56, -6.64, ...,  6.64,  6.64,  6.64]))",35.615397691726685,"(array([-0.0246 , -0.02458, -0.02456, ...,  0.02534,  0.02536,  0.02538]), array([ 0.   , -0.008,  0.008, ...,  0.   ,  0.   ,  0.008]))",36.261882066726685
10,40.91024,38.846843004226685,"(array([-0.0246 , -0.02458, -0.02456, ...,  0.02534,  0.02536,  0.02538]), array([-6.56, -6.64, -6.64, ...,  6.64,  6.64,  6.64]))",39.403483629226685,"(array([-0.0246 , -0.02458, -0.02456, ...,  0.02534,  0.02536,  0.02538]), array([ 0.   , -0.008,  0.   , ...,  0.   ,  0.   ,  0.   ]))",40.055827379226685
11,45.316386,42.642741441726685,"(array([-0.0246 , -0.02458, -0.02456, ...,  0.02534,  0.02536,  0.02538]), array([-6.56, -6.56, -6.56, ...,  6.56,  6.64,  6.64]))",43.199382066726685,"(array([-0.0246 , -0.02458, -0.02456, ...,  0.02534,  0.02536,  0.02538]), array([ 0.   ,  0.008,  0.   , ..., -0.008,  0.008,  0.   ]))",43.849772691726685
12,49.179166,46.431803941726685,"(array([-0.0246 , -0.02458, -0.02456, ...,  0.02534,  0.02536,  0.02538]), array([-6.56, -6.56, -6.56, ...,  6.64,  6.64,  6.56]))",46.998698472976685,"(array([-0.0246 , -0.02458, -0.02456, ...,  0.02534,  0.02536,  0.02538]), array([0.   , 0.   , 0.008, ..., 0.   , 0.   , 0.008]))",47.647624254226685
13,52.588586,50.217936754226685,"(array([-0.0246 , -0.02458, -0.02456, ...,  0.02534,  0.02536,  0.02538]), array([-6.56, -6.64, -6.56, ...,  6.64,  6.64,  6.64]))",50.786296129226685,"(array([-0.0246 , -0.02458, -0.02456, ...,  0.02534,  0.02536,  0.02538]), array([0.008, 0.   , 0.008, ..., 0.008, 0.   , 0.008]))",51.438639879226685
14,55.65243,54.012858629226685,"(array([-0.0246 , -0.02458, -0.02456, ...,  0.02534,  0.02536,  0.02538]), array([-6.64, -6.56, -6.56, ...,  6.64,  6.64,  6.64]))",54.592936754226685,"(array([-0.0246 , -0.02458, -0.02456, ...,  0.02534,  0.02536,  0.02538]), array([ 0.008, -0.008, -0.008, ...,  0.008, -0.008,  0.   ]))",55.245280504226685
15,58.461307,57.810710191726685,"(array([-0.0246 , -0.02458, -0.02456, ...,  0.02534,  0.02536,  0.02538]), array([-6.56, -6.56, -6.56, ...,  6.64,  6.64,  6.56]))",58.361491441726685,"(array([-0.0246 , -0.02458, -0.02456, ...,  0.02534,  0.02536,  0.02538]), array([ 0.   ,  0.   , -0.008, ..., -0.008,  0.   ,  0.   ]))",58.998698472976685
16,61.027218,61.577800035476685,"(array([-0.0246 , -0.02458, -0.02456, ...,  0.02534,  0.02536,  0.02538]), array([-6.56, -6.56, -6.56, ...,  6.56,  6.64,  6.64]))",62.131022691726685,"(array([-0.0246 , -0.02458, -0.02456, ...,  0.02534,  0.02536,  0.02538]), array([-0.008,  0.   ,  0.   , ..., -0.008, -0.008,  0.   ]))",62.773600816726685
17,63.429428,65.35465550422668,"(array([-0.0246 , -0.02458, -0.02456, ...,  0.02534,  0.02536,  0.02538]), array([-6.56, -6.64, -6.56, ...,  6.56,  6.56,  6.64]))",65.93082737922668,"(array([-0.0246 , -0.02458, -0.02456, ...,  0.02534,  0.02536,  0.02538]), array([ 0.   ,  0.   ,  0.008, ...,  0.008, -0.008,  0.   ]))",66.57926487922668
18,65.638894,69.14176487922668,"(array([-0.0246 , -0.02458, -0.02456, ...,  0.02534,  0.02536,  0.02538]), array([-6.56, -6.64, -6.56, ...,  6.64,  6.56,  6.64]))",69.69449925422668,"(array([-0.0246 , -0.02458, -0.02456, ...,  0.02534,  0.02536,  0.02538]), array([-0.008,  0.008,  0.008, ...,  0.   ,  0.   ,  0.   ]))",70.34488987922668
19,67.709283,72.93375706672668,"(array([-0.0246 , -0.02458, -0.02456, ...,  0.02534,  0.02536,  0.02538]), array([-6.56, -6.64, -6.56, ...,  6.64,  6.56,  6.64]))",73.50992894172668,"(array([-0.0246 , -0.02458, -0.02456, ...,  0.02534,  0.02536,  0.02538]), array([ 0.   , -0.008,  0.   , ...,  0.008,  0.   , -0.008]))",74.16666722297668
20,69.654228,76.73453831672668,"(array([-0.0246 , -0.02458, -0.02456, ...,  0.02534,  0.02536,  0.02538]), array([-6.56, -6.56, -6.64, ...,  6.64,  6.64,  6.64]))",77.30826878547668,"(array([-0.0246 , -0.02458, -0.02456, ...,  0.02534,  0.02536,  0.02538]), array([ 0.008,  0.   , -0.008, ...,  0.   ,  0.008,  0.   ]))",77.97184300422668
21,71.504663,80.54850316047668,"(array([-0.0246 , -0.02458, -0.02456, ...,  0.02534,  0.02536,  0.02538]), array([-6.56, -6.56, -6.64, ...,  6.64,  6.64,  6.64]))",81.09830784797668,"(array([-0.0246 , -0.02458, -0.02456, ...,  0.02534,  0.02536,  0.02538]), array([ 0.008,  0.   , -0.008, ...,  0.008,  0.   ,  0.   ]))",81.74039769172668
22,73.22886,84.32340550422668,"(array([-0.0246 , -0.02458, -0.02456, ...,  0.02534,  0.02536,  0.02538]), array([-6.56, -6.56, -6.56, ...,  6.64,  6.64,  6.64]))",84.87711644172668,"(array([-0.0246 , -0.02458, -0.02456, ...,  0.02534,  0.02536,  0.02538]), array([0.   , 0.   , 0.   , ..., 0.008, 0.008, 0.008]))",85.68424534797668
23,74.994084,88.42887425422668,"(array([-0.0246 , -0.02458, -0.02456, ...,  0.02534,  0.02536,  0.02538]), array([-6.56, -6.56, -6.64, ...,  6.64,  6.64,  6.64]))",88.98551487922668,"(array([-0.0246 , -0.02458, -0.02456, ...,  0.02534,  0.02536,  0.02538]), array([ 0.   ,  0.016,  0.   , ...,  0.   , -0.008,  0.   ]))",89.63590550422668
24,76.513824,92.22184300422668,"(array([-0.0246 , -0.02458, -0.02456, ...,  0.02534,  0.02536,  0.02538]), array([-6.64, -6.56, -6.56, ...,  6.64,  6.64,  6.64]))",92.78238987922668,"(array([-0.0246 , -0.02458, -0.02456, ...,  0.02534,  0.02536,  0.02538]), array([ 0.   , -0.008, -0.008, ..., -0.008, -0.008, -0.008]))",93.43863987922668
25,77.964645,96.02457737922668,"(array([-0.0246 , -0.02458, -0.02456, ...,  0.02534,  0.02536,  0.02538]), array([-6.56, -6.56, -6.56, ...,  6.64,  6.64,  6.64]))",96.57926487922668,"(array([-0.0246 , -0.02458, -0.02456, ...,  0.02534,  0.02536,  0.02538]), array([ 0.008,  0.008,  0.   , ...,  0.   ,  0.   , -0.008]))",97.22965550422668
26,79.324641,99.81461644172668,"(array([-0.0246 , -0.02458, -0.02456, ...,  0.02534,  0.02536,  0.02538]), array([-6.56, -6.56, -6.56, ...,  6.64,  6.64,  6.64]))",100.36344456672668,"(array([-0.0246 , -0.02458, -0.02456, ...,  0.02534,  0.02536,  0.02538]), array([ 0.008,  0.   ,  0.008, ..., -0.008, -0.008,  0.   ]))",101.00895237922668
27,80.608538,103.82127165794373,"(array([-0.0246 , -0.02458, -0.02456, ...,  0.02534,  0.02536,  0.02538]), array([-6.56, -6.56, -6.64, ...,  6.64,  6.64,  6.56]))",104.4303572177887,"(array([-0.0246 , -0.02458, -0.02456, ...,  0.02534,  0.02536,  0.02538]), array([ 0.   , -0.008, -0.008, ...,  0.008,  0.   ,  0.   ]))",105.13827133178711
28,81.821205,107.97583651542664,"(array([-0.0246 , -0.02458, -0.02456, ...,  0.02534,  0.02536,  0.02538]), array([-6.64, -6.64, -6.56, ...,  6.64,  6.64,  6.64]))",108.58599638938904,"(array([-0.0246 , -0.02458, -0.02456, ...,  0.02534,  0.02536,  0.02538]), array([-0.008,  0.   ,  0.   , ...,  0.   ,  0.016,  0.   ]))",109.2955219745636
29,82.968268,112.13185143470764,"(array([-0.0246 , -0.02458, -0.02456, ...,  0.02534,  0.02536,  0.02538]), array([-6.56, -6.64, -6.56, ...,  6.64,  6.56,  6.64]))",112.72176122665405,"(array([-0.0246 , -0.02458, -0.02456, ...,  0.02534,  0.02536,  0.02538]), array([ 0.   ,  0.   ,  0.008, ...,  0.   , -0.008,  0.008]))",113.36564993858337
30,84.070296,115.90833401679993,"(array([-0.0246 , -0.02458, -0.02456, ...,  0.02534,  0.02536,  0.02538]), array([-6.56, -6.56, -6.56, ...,  6.64,  6.64,  6.64]))",116.454092502594,"(array([-0.0246 , -0.02458, -0.02456, ...,  0.02534,  0.02536,  0.02538]), array([ 0.   , -0.008,  0.008, ...,  0.   ,  0.008,  0.008]))",117.10233187675476
31,85.119627,119.67256999015808,"(array([-0.0246 , -0.02458, -0.02456, ...,  0.02534,  0.02536,  0.02538]), array([-6.56, -6.56, -6.56, ...,  6.56,  6.64,  6.64]))",120.23766446113586,"(array([-0.0246 , -0.02458, -0.02456, ...,  0.02534,  0.02536,  0.02538]), array([ 0.008,  0.   , -0.008, ...,  0.   ,  0.008,  0.008]))",120.87430214881897
32,86.11225,123.29536890983582,"(array([-0.0246 , -0.02458, -0.02456, ...,  0.02534,  0.02536,  0.02538]), array([-6.56, -6.56, -6.56, ...,  6.64,  6.64,  6.64]))",123.78829455375671,"(array([-0.0246 , -0.02458, -0.02456, ...,  0.02534,  0.02536,  0.02538]), array([ 0.   , -0.008,  0.   , ...,  0.   ,  0.008, -0.016]))",124.35779142379761
33,87.061514,126.6553566455841,"(array([-0.0246 , -0.02458, -0.02456, ...,  0.02534,  0.02536,  0.02538]), array([-6.56, -6.56, -6.56, ...,  6.64,  6.64,  6.56]))",127.146977186203,"(array([-0.0246 , -0.02458, -0.02456, ...,  0.02534,  0.02536,  0.02538]), array([0.   , 0.008, 0.   , ..., 0.   , 0.   , 0.   ]))",127.72212958335876
34,87.961525,130.024480342865,"(array([-0.0246 , -0.02458, -0.02456, ...,  0.02534,  0.02536,  0.02538]), array([-6.56, -6.56, -6.48, ...,  6.56,  6.64,  6.64]))",130.51914620399475,"(array([-0.0246 , -0.02458, -0.02456, ...,  0.02534,  0.02536,  0.02538]), array([0.   , 0.   , 0.024, ..., 0.008, 0.   , 0.008]))",131.1123125553131
35,88.8246,133.63170313835144,"(array([-0.0246 , -0.02458, -0.02456, ...,  0.02534,  0.02536,  0.02538]), array([-6.56, -6.56, -6.56, ...,  6.64,  6.64,  6.64]))",134.17345023155212,"(array([-0.0246 , -0.02458, -0.02456, ...,  0.02534,  0.02536,  0.02538]), array([ 0.   ,  0.   ,  0.   , ...,  0.008, -0.008, -0.008]))",134.80564761161804
36,89.639945,137.33874487876892,"(array([-0.0246 , -0.02458, -0.02456, ...,  0.02534,  0.02536,  0.02538]), array([-6.56, -6.56, -6.56, ...,  6.64,  6.64,  6.64]))",137.88432049751282,"(array([-0.0246 , -0.02458, -0.02456, ...,  0.02534,  0.02536,  0.02538]), array([ 0.   ,  0.   ,  0.008, ...,  0.   , -0.008,  0.008]))",138.51795363426208
37,90.415424,141.06636261940002,"(array([-0.0246 , -0.02458, -0.02456, ...,  0.02534,  0.02536,  0.02538]), array([-6.56, -6.48, -6.56, ...,  6.64,  6.64,  6.56]))",141.65524172782898,"(array([-0.0246 , -0.02458, -0.02456, ...,  0.02534,  0.02536,  0.02538]), array([-0.008,  0.   ,  0.   , ...,  0.008,  0.008,  0.   ]))",142.3548605442047
38,91.15667,145.14754509925842,"(array([-0.0246 , -0.02458, -0.02456, ...,  0.02534,  0.02536,  0.02538]), array([-6.56, -6.56, -6.56, ...,  6.56,  6.64,  6.64]))",145.7692530155182,"(array([-0.0246 , -0.02458, -0.02456, ...,  0.02534,  0.02536,  0.02538]), array([ 0.   ,  0.   ,  0.   , ..., -0.008,  0.   ,  0.   ]))",146.47308325767517
39,91.865699,149.2415521144867,"(array([-0.0246 , -0.02458, -0.02456, ...,  0.02534,  0.02536,  0.02538]), array([-6.56, -6.56, -6.56, ...,  6.64,  6.56,  6.64]))",149.86326003074646,"(array([-0.0246 , -0.02458, -0.02456, ...,  0.02534,  0.02536,  0.02538]), array([ 0.   ,  0.008, -0.008, ...,  0.   ,  0.   ,  0.   ]))",150.5639317035675
40,92.541332,153.21394872665405,"(array([-0.0246 , -0.02458, -0.02456, ...,  0.02534,  0.02536,  0.02538]), array([-6.56, -6.56, -6.56, ...,  6.64,  6.64,  6.64]))",153.77058959007263,"(array([-0.0246 , -0.02458, -0.02456, ...,  0.02534,  0.02536,  0.02538]), array([ 0.   ,  0.008, -0.008, ...,  0.   ,  0.   , -0.008]))",154.39363646507263
41,93.172632,156.95125365257263,"(array([-0.0246 , -0.02458, -0.02456, ...,  0.02534,  0.02536,  0.02538]), array([-6.56, -6.56, -6.56, ...,  6.64,  6.64,  6.64]))",157.50447630882263,"(array([-0.0246 , -0.02458, -0.02456, ...,  0.02534,  0.02536,  0.02538]), array([0.008, 0.   , 0.   , ..., 0.   , 0.016, 0.   ]))",158.15535521507263
42,93.786422,160.74324536323547,"(array([-0.0246 , -0.02458, -0.02456, ...,  0.02534,  0.02536,  0.02538]), array([-6.56, -6.56, -6.56, ...,  6.64,  6.64,  6.64]))",161.31160497665405,"(array([-0.0246 , -0.02458, -0.02456, ...,  0.02534,  0.02536,  0.02538]), array([ 0.   ,  0.   ,  0.   , ...,  0.   , -0.008,  0.008]))",161.96199560165405
43,94.361413,164.53426122665405,"(array([-0.0246 , -0.02458, -0.02456, ...,  0.02534,  0.02536,  0.02538]), array([-6.56, -6.56, -6.56, ...,  6.56,  6.64,  6.64]))",165.10847997665405,"(array([-0.0246 , -0.02458, -0.02456, ...,  0.02534,  0.02536,  0.02538]), array([ 0.   ,  0.   , -0.008, ..., -0.008,  0.   ,  0.008]))",165.75691747665405
44,94.909286,168.32918310165405,"(array([-0.0246 , -0.02458, -0.02456, ...,  0.02534,  0.02536,  0.02538]), array([-6.56, -6.56, -6.64, ...,  6.64,  6.64,  6.64]))",168.90633153915405,"(array([-0.0246 , -0.02458, -0.02456, ...,  0.02534,  0.02536,  0.02538]), array([ 0.   , -0.008,  0.008, ...,  0.   ,  0.008,  0.   ]))",169.55476903915405
45,95.431644,172.11971044540405,"(array([-0.0246 , -0.02458, -0.02456, ...,  0.02534,  0.02536,  0.02538]), array([-6.56, -6.56, -6.56, ...,  6.64,  6.64,  6.64]))",172.69051146507263,"(array([-0.0246 , -0.02458, -0.02456, ...,  0.02534,  0.02536,  0.02538]), array([ 0.   ,  0.   ,  0.008, ...,  0.008,  0.   , -0.008]))",173.35066771507263
46,95.931043,175.92683935165405,"(array([-0.0246 , -0.02458, -0.02456, ...,  0.02534,  0.02536,  0.02538]), array([-6.56, -6.56, -6.56, ...,  6.64,  6.64,  6.64]))",176.50105810165405,"(array([-0.0246 , -0.02458, -0.02456, ...,  0.02534,  0.02536,  0.02538]), array([0.008, 0.008, 0.   , ..., 0.   , 0.008, 0.008]))",177.15535521507263
47,96.39848,179.72273802757263,"(array([-0.0246 , -0.02458, -0.02456, ...,  0.02534,  0.02536,  0.02538]), array([-6.56, -6.56, -6.56, ...,  6.64,  6.64,  6.64]))",180.29890966415405,"(array([-0.0246 , -0.02458, -0.02456, ...,  0.02534,  0.02536,  0.02538]), array([ 0.   ,  0.   ,  0.   , ...,  0.   , -0.008,  0.   ]))",180.95515966415405
