,resistencia,marca_temporal_resistencia,tension_1,marca_temporal_tension_1,tension_2,marca_temporal_tension_2
0,19.951989,0.248046875,"(array([-0.0246 , -0.02458, -0.02456, ...,  0.02534,  0.02536,  0.02538]), array([-4.  , -4.  , -4.  , ...,  4.  ,  4.  ,  4.08]))",0.8144533634185791,"(array([-0.0246 , -0.02458, -0.02456, ...,  0.02534,  0.02536,  0.02538]), array([0., 0., 0., ..., 0., 0., 0.]))",1.458984613418579
1,20.019978,4.2119140625,"(array([-0.0246 , -0.02458, -0.02456, ...,  0.02534,  0.02536,  0.02538]), array([-4.  , -4.  , -4.  , ...,  4.  ,  4.  ,  4.08]))",4.7822265625,"(array([-0.0246 , -0.02458, -0.02456, ...,  0.02534,  0.02536,  0.02538]), array([ 0.   ,  0.   ,  0.   , ...,  0.   , -0.008,  0.008]))",5.428711175918579
2,20.20718,8.1728515625,"(array([-0.0246 , -0.02458, -0.02456, ...,  0.02534,  0.02536,  0.02538]), array([-4.  , -4.  , -4.  , ...,  4.  ,  4.08,  4.08]))",8.7216796875,"(array([-0.0246 , -0.02458, -0.02456, ...,  0.02534,  0.02536,  0.02538]), array([0., 0., 0., ..., 0., 0., 0.]))",9.3662109375
3,20.762545,12.128906488418579,"(array([-0.0246 , -0.02458, -0.02456, ...,  0.02534,  0.02536,  0.02538]), array([-4.  , -3.92, -4.  , ...,  4.  ,  4.  ,  4.08]))",12.69921875,"(array([-0.0246 , -0.02458, -0.02456, ...,  0.02534,  0.02536,  0.02538]), array([ 0.   ,  0.   ,  0.   , ...,  0.   ,  0.008, -0.008]))",13.33984375
4,22.916198,16.080078125,"(array([-0.0246 , -0.02458, -0.02456, ...,  0.02534,  0.02536,  0.02538]), array([-4., -4., -4., ...,  4.,  4.,  4.]))",16.646484375,"(array([-0.0246 , -0.02458, -0.02456, ...,  0.02534,  0.02536,  0.02538]), array([ 0.   ,  0.008,  0.008, ...,  0.008, -0.008,  0.   ]))",17.29296875
5,27.629942,20.04345703125,"(array([-0.0246 , -0.02458, -0.02456, ...,  0.02534,  0.02536,  0.02538]), array([-4.  , -4.  , -4.  , ...,  4.08,  4.08,  4.  ]))",20.6240234375,"(array([-0.0246 , -0.02458, -0.02456, ...,  0.02534,  0.02536,  0.02538]), array([ 0.008,  0.   ,  0.   , ...,  0.   ,  0.   , -0.008]))",21.2763671875
6,32.957692,24.01660180091858,"(array([-0.0246 , -0.02458, -0.02456, ...,  0.02534,  0.02536,  0.02538]), array([-4.  , -3.92, -4.  , ...,  4.  ,  4.08,  4.  ]))",24.5673828125,"(array([-0.0246 , -0.02458, -0.02456, ...,  0.02534,  0.02536,  0.02538]), array([0.008, 0.   , 0.   , ..., 0.   , 0.   , 0.   ]))",25.20800805091858
7,38.228322,27.96582055091858,"(array([-0.0246 , -0.02458, -0.02456, ...,  0.02534,  0.02536,  0.02538]), array([-4.  , -4.  , -4.  , ...,  4.  ,  4.16,  4.08]))",28.51660180091858,"(array([-0.0246 , -0.02458, -0.02456, ...,  0.02534,  0.02536,  0.02538]), array([-0.008,  0.   ,  0.   , ...,  0.   ,  0.008,  0.   ]))",29.1630859375
8,42.922214,31.92675805091858,"(array([-0.0246 , -0.02458, -0.02456, ...,  0.02534,  0.02536,  0.02538]), array([-4.  , -4.  , -4.  , ...,  4.08,  4.  ,  4.  ]))",32.51699376106262,"(array([-0.0246 , -0.02458, -0.02456, ...,  0.02534,  0.02536,  0.02538]), array([-0.008,  0.   ,  0.   , ...,  0.   ,  0.008,  0.   ]))",33.20840311050415
9,47.060646,36.21945548057556,"(array([-0.0246 , -0.02458, -0.02456, ...,  0.02534,  0.02536,  0.02538]), array([-4.  , -3.92, -3.92, ...,  4.08,  4.08,  4.  ]))",36.849488496780396,"(array([-0.0246 , -0.02458, -0.02456, ...,  0.02534,  0.02536,  0.02538]), array([ 0.   ,  0.   , -0.008, ...,  0.008,  0.016,  0.008]))",37.56384825706482
10,50.706867,40.58188319206238,"(array([-0.0246 , -0.02458, -0.02456, ...,  0.02534,  0.02536,  0.02538]), array([-4.  , -4.  , -4.  , ...,  4.  ,  4.08,  4.08]))",41.19257998466492,"(array([-0.0246 , -0.02458, -0.02456, ...,  0.02534,  0.02536,  0.02538]), array([ 0.008,  0.008, -0.008, ...,  0.   ,  0.008,  0.   ]))",41.91069960594177
11,54.015011,44.798964738845825,"(array([-0.0246 , -0.02458, -0.02456, ...,  0.02534,  0.02536,  0.02538]), array([-4.  , -4.  , -4.  , ...,  4.  ,  4.08,  4.  ]))",45.36937665939331,"(array([-0.0246 , -0.02458, -0.02456, ...,  0.02534,  0.02536,  0.02538]), array([0.   , 0.008, 0.008, ..., 0.008, 0.   , 0.008]))",46.015198945999146
12,57.019394,48.72320580482483,"(array([-0.0246 , -0.02458, -0.02456, ...,  0.02534,  0.02536,  0.02538]), array([-4., -4., -4., ...,  4.,  4.,  4.]))",49.278632402420044,"(array([-0.0246 , -0.02458, -0.02456, ...,  0.02534,  0.02536,  0.02538]), array([ 0.   , -0.016, -0.008, ...,  0.   ,  0.   ,  0.008]))",49.9114031791687
13,59.732201,52.62424397468567,"(array([-0.0246 , -0.02458, -0.02456, ...,  0.02534,  0.02536,  0.02538]), array([-4., -4., -4., ...,  4.,  4.,  4.]))",53.162365198135376,"(array([-0.0246 , -0.02458, -0.02456, ...,  0.02534,  0.02536,  0.02538]), array([ 0.008,  0.   , -0.008, ..., -0.008,  0.   ,  0.008]))",53.7626051902771
14,62.250143,56.224188566207886,"(array([-0.0246 , -0.02458, -0.02456, ...,  0.02534,  0.02536,  0.02538]), array([-4., -4., -4., ...,  4.,  4.,  4.]))",56.73103642463684,"(array([-0.0246 , -0.02458, -0.02456, ...,  0.02534,  0.02536,  0.02538]), array([ 0.   ,  0.   , -0.008, ...,  0.   ,  0.   ,  0.008]))",57.30401396751404
15,64.581338,59.74645447731018,"(array([-0.0246 , -0.02458, -0.02456, ...,  0.02534,  0.02536,  0.02538]), array([-4.  , -4.  , -4.  , ...,  4.  ,  4.08,  4.  ]))",60.255042552948,"(array([-0.0246 , -0.02458, -0.02456, ...,  0.02534,  0.02536,  0.02538]), array([-0.008,  0.   ,  0.   , ..., -0.008,  0.   ,  0.   ]))",60.82976007461548
16,66.772031,63.37602138519287,"(array([-0.0246 , -0.02458, -0.02456, ...,  0.02534,  0.02536,  0.02538]), array([-4., -4., -4., ...,  4.,  4.,  4.]))",63.917768239974976,"(array([-0.0246 , -0.02458, -0.02456, ...,  0.02534,  0.02536,  0.02538]), array([ 0.   , -0.008,  0.   , ...,  0.   ,  0.   ,  0.   ]))",64.54613757133484
17,68.81642,67.2448217868805,"(array([-0.0246 , -0.02458, -0.02456, ...,  0.02534,  0.02536,  0.02538]), array([-4., -4., -4., ...,  4.,  4.,  4.]))",67.81145453453064,"(array([-0.0246 , -0.02458, -0.02456, ...,  0.02534,  0.02536,  0.02538]), array([0.   , 0.   , 0.008, ..., 0.   , 0.   , 0.   ]))",68.45035195350647
18,70.738035,71.1356360912323,"(array([-0.0246 , -0.02458, -0.02456, ...,  0.02534,  0.02536,  0.02538]), array([-4., -4., -4., ...,  4.,  4.,  4.]))",71.69844031333923,"(array([-0.0246 , -0.02458, -0.02456, ...,  0.02534,  0.02536,  0.02538]), array([ 0.   ,  0.   ,  0.008, ...,  0.008,  0.008, -0.008]))",72.36346364021301
19,72.555416,75.31292724609375,"(array([-0.0246 , -0.02458, -0.02456, ...,  0.02534,  0.02536,  0.02538]), array([-4.  , -4.  , -4.  , ...,  4.  ,  4.  ,  4.08]))",75.92200112342834,"(array([-0.0246 , -0.02458, -0.02456, ...,  0.02534,  0.02536,  0.02538]), array([-0.008,  0.   ,  0.008, ...,  0.   ,  0.   ,  0.   ]))",76.62161946296692
20,74.272791,79.58065438270569,"(array([-0.0246 , -0.02458, -0.02456, ...,  0.02534,  0.02536,  0.02538]), array([-4.  , -4.  , -4.  , ...,  3.92,  4.  ,  4.  ]))",80.1728823184967,"(array([-0.0246 , -0.02458, -0.02456, ...,  0.02534,  0.02536,  0.02538]), array([ 0.   ,  0.008, -0.008, ...,  0.   ,  0.   ,  0.   ]))",80.86460494995117
21,75.886476,83.76357173919678,"(array([-0.0246 , -0.02458, -0.02456, ...,  0.02534,  0.02536,  0.02538]), array([-4., -4., -4., ...,  4.,  4.,  4.]))",84.32607173919678,"(array([-0.0246 , -0.02458, -0.02456, ...,  0.02534,  0.02536,  0.02538]), array([ 0.   ,  0.   , -0.008, ..., -0.016,  0.   ,  0.   ]))",84.96474361419678
22,77.404678,87.70644307136536,"(array([-0.0246 , -0.02458, -0.02456, ...,  0.02534,  0.02536,  0.02538]), array([-4.  , -4.  , -3.92, ...,  4.  ,  4.08,  4.  ]))",88.25820064544678,"(array([-0.0246 , -0.02458, -0.02456, ...,  0.02534,  0.02536,  0.02538]), array([-0.008,  0.   ,  0.   , ..., -0.008,  0.   ,  0.   ]))",88.89784932136536
23,78.838254,91.65077877044678,"(array([-0.0246 , -0.02458, -0.02456, ...,  0.02534,  0.02536,  0.02538]), array([-4., -4., -4., ...,  4.,  4.,  4.]))",92.22548604011536,"(array([-0.0246 , -0.02458, -0.02456, ...,  0.02534,  0.02536,  0.02538]), array([ 0.   ,  0.   , -0.008, ...,  0.016,  0.   ,  0.   ]))",92.87245869636536
24,80.193946,95.61122798919678,"(array([-0.0246 , -0.02458, -0.02456, ...,  0.02534,  0.02536,  0.02538]), array([-4.  , -4.  , -4.  , ...,  4.  ,  4.08,  4.08]))",96.16249752044678,"(array([-0.0246 , -0.02458, -0.02456, ...,  0.02534,  0.02536,  0.02538]), array([ 0.008,  0.008,  0.   , ...,  0.   , -0.008,  0.   ]))",96.80214595794678
25,81.473588,99.55409932136536,"(array([-0.0246 , -0.02458, -0.02456, ...,  0.02534,  0.02536,  0.02538]), array([-4.  , -4.  , -4.  , ...,  4.  ,  4.  ,  4.08]))",100.12245869636536,"(array([-0.0246 , -0.02458, -0.02456, ...,  0.02534,  0.02536,  0.02538]), array([-0.008, -0.008,  0.   , ...,  0.   ,  0.008,  0.   ]))",100.76601338386536
26,82.69093,103.50575923919678,"(array([-0.0246 , -0.02458, -0.02456, ...,  0.02534,  0.02536,  0.02538]), array([-3.84, -3.92, -4.  , ...,  4.  ,  4.  ,  4.  ]))",104.06191158294678,"(array([-0.0246 , -0.02458, -0.02456, ...,  0.02534,  0.02536,  0.02538]), array([ 0.   ,  0.   ,  0.016, ..., -0.008,  0.008,  0.008]))",104.70644283294678
27,83.851982,107.46083760261536,"(array([-0.0246 , -0.02458, -0.02456, ...,  0.02534,  0.02536,  0.02538]), array([-4., -4., -4., ...,  4.,  4.,  4.]))",108.03700947761536,"(array([-0.0246 , -0.02458, -0.02456, ...,  0.02534,  0.02536,  0.02538]), array([ 0.   , -0.008,  0.   , ...,  0.   ,  0.   , -0.008]))",108.68349385261536
28,84.953663,111.41982173919678,"(array([-0.0246 , -0.02458, -0.02456, ...,  0.02534,  0.02536,  0.02538]), array([-4.  , -4.  , -4.  , ...,  4.08,  4.  ,  4.  ]))",111.97841548919678,"(array([-0.0246 , -0.02458, -0.02456, ...,  0.02534,  0.02536,  0.02538]), array([ 0.   ,  0.   ,  0.   , ...,  0.008, -0.008,  0.   ]))",112.63271260261536
29,86.003012,115.39247798919678,"(array([-0.0246 , -0.02458, -0.02456, ...,  0.02534,  0.02536,  0.02538]), array([-4., -4., -4., ...,  4.,  4.,  4.]))",115.95497822761536,"(array([-0.0246 , -0.02458, -0.02456, ...,  0.02534,  0.02536,  0.02538]), array([ 0.   ,  0.008, -0.008, ...,  0.   ,  0.008,  0.   ]))",116.59560322761536
30,86.999709,119.33827900886536,"(array([-0.0246 , -0.02458, -0.02456, ...,  0.02534,  0.02536,  0.02538]), array([-4., -4., -4., ...,  4.,  4.,  4.]))",119.91103291511536,"(array([-0.0246 , -0.02458, -0.02456, ...,  0.02534,  0.02536,  0.02538]), array([ 0.   ,  0.   ,  0.   , ...,  0.008, -0.008,  0.   ]))",120.55947041511536
31,87.952882,123.29970479011536,"(array([-0.0246 , -0.02458, -0.02456, ...,  0.02534,  0.02536,  0.02538]), array([-4.  , -3.92, -4.  , ...,  4.  ,  4.  ,  4.  ]))",123.87001729011536,"(array([-0.0246 , -0.02458, -0.02456, ...,  0.02534,  0.02536,  0.02538]), array([-0.008,  0.008,  0.008, ...,  0.008,  0.016,  0.   ]))",124.51454830169678
32,88.855885,127.25185298919678,"(array([-0.0246 , -0.02458, -0.02456, ...,  0.02534,  0.02536,  0.02538]), array([-4., -4., -4., ...,  4.,  4.,  4.]))",127.82216548919678,"(array([-0.0246 , -0.02458, -0.02456, ...,  0.02534,  0.02536,  0.02538]), array([ 0.   ,  0.008,  0.   , ...,  0.   ,  0.008, -0.008]))",128.46669673919678
33,89.719812,131.20888423919678,"(array([-0.0246 , -0.02458, -0.02456, ...,  0.02534,  0.02536,  0.02538]), array([-4., -4., -4., ...,  4.,  4.,  4.]))",131.78700923919678,"(array([-0.0246 , -0.02458, -0.02456, ...,  0.02534,  0.02536,  0.02538]), array([ 0.   ,  0.   , -0.008, ...,  0.   ,  0.   ,  0.008]))",132.60146236419678
34,90.610593,135.50282979011536,"(array([-0.0246 , -0.02458, -0.02456, ...,  0.02534,  0.02536,  0.02538]), array([-4.  , -3.92, -4.  , ...,  4.  ,  3.92,  4.  ]))",136.08095455169678,"(array([-0.0246 , -0.02458, -0.02456, ...,  0.02534,  0.02536,  0.02538]), array([ 0.   ,  0.   ,  0.   , ..., -0.008,  0.   ,  0.   ]))",136.73329854011536
35,91.392687,139.47157955169678,"(array([-0.0246 , -0.02458, -0.02456, ...,  0.02534,  0.02536,  0.02538]), array([-4.  , -3.92, -3.92, ...,  4.  ,  4.  ,  4.  ]))",140.03798580169678,"(array([-0.0246 , -0.02458, -0.02456, ...,  0.02534,  0.02536,  0.02538]), array([-0.008,  0.008,  0.   , ...,  0.   ,  0.   ,  0.008]))",140.67861104011536
36,92.135805,143.41200947761536,"(array([-0.0246 , -0.02458, -0.02456, ...,  0.02534,  0.02536,  0.02538]), array([-4., -4., -4., ...,  4.,  4.,  4.]))",143.96669697761536,"(array([-0.0246 , -0.02458, -0.02456, ...,  0.02534,  0.02536,  0.02538]), array([ 0.   ,  0.   ,  0.016, ...,  0.   , -0.008,  0.008]))",144.59560322761536
37,92.838157,147.33437252044678,"(array([-0.0246 , -0.02458, -0.02456, ...,  0.02534,  0.02536,  0.02538]), array([-4., -4., -4., ...,  4.,  4.,  4.]))",147.90712642669678,"(array([-0.0246 , -0.02458, -0.02456, ...,  0.02534,  0.02536,  0.02538]), array([0.   , 0.   , 0.   , ..., 0.   , 0.   , 0.008]))",148.55165791511536
38,93.512385,151.29189205169678,"(array([-0.0246 , -0.02458, -0.02456, ...,  0.02534,  0.02536,  0.02538]), array([-3.92, -3.92, -3.92, ...,  4.  ,  4.  ,  4.  ]))",151.84462666511536,"(array([-0.0246 , -0.02458, -0.02456, ...,  0.02534,  0.02536,  0.02538]), array([ 0.008, -0.008,  0.008, ...,  0.   ,  0.008, -0.008]))",152.49111104011536
39,94.153119,155.25087666511536,"(array([-0.0246 , -0.02458, -0.02456, ...,  0.02534,  0.02536,  0.02538]), array([-4.  , -4.  , -3.92, ...,  4.  ,  4.  ,  4.  ]))",155.81728291511536,"(array([-0.0246 , -0.02458, -0.02456, ...,  0.02534,  0.02536,  0.02538]), array([0.   , 0.016, 0.008, ..., 0.   , 0.   , 0.   ]))",156.45839595794678
40,94.761368,159.19716548919678,"(array([-0.0246 , -0.02458, -0.02456, ...,  0.02534,  0.02536,  0.02538]), array([-4.  , -3.92, -4.  , ...,  4.  ,  4.  ,  4.  ]))",159.76552486419678,"(array([-0.0246 , -0.02458, -0.02456, ...,  0.02534,  0.02536,  0.02538]), array([-0.008,  0.   ,  0.   , ...,  0.   , -0.008,  0.   ]))",160.40614986419678
41,95.340498,163.17158150672913,"(array([-0.0246 , -0.02458, -0.02456, ...,  0.02534,  0.02536,  0.02538]), array([-3.92, -3.92, -4.  , ...,  4.  ,  3.92,  4.  ]))",163.7752959728241,"(array([-0.0246 , -0.02458, -0.02456, ...,  0.02534,  0.02536,  0.02538]), array([0.   , 0.   , 0.008, ..., 0.   , 0.   , 0.   ]))",164.4805247783661
42,95.89021,167.51521039009094,"(array([-0.0246 , -0.02458, -0.02456, ...,  0.02534,  0.02536,  0.02538]), array([-3.92, -4.  , -4.  , ...,  4.  ,  4.  ,  4.  ]))",168.14954018592834,"(array([-0.0246 , -0.02458, -0.02456, ...,  0.02534,  0.02536,  0.02538]), array([0.   , 0.   , 0.   , ..., 0.008, 0.   , 0.   ]))",168.86765933036804
43,96.415496,171.88300919532776,"(array([-0.0246 , -0.02458, -0.02456, ...,  0.02534,  0.02536,  0.02538]), array([-3.92, -3.92, -4.  , ...,  4.  ,  4.  ,  4.  ]))",172.48726058006287,"(array([-0.0246 , -0.02458, -0.02456, ...,  0.02534,  0.02536,  0.02538]), array([0.   , 0.   , 0.008, ..., 0.   , 0.   , 0.   ]))",173.19678616523743
44,96.91384,175.99481439590454,"(array([-0.0246 , -0.02458, -0.02456, ...,  0.02534,  0.02536,  0.02538]), array([-4.  , -3.92, -3.92, ...,  4.  ,  4.  ,  4.08]))",176.55555844306946,"(array([-0.0246 , -0.02458, -0.02456, ...,  0.02534,  0.02536,  0.02538]), array([-0.008,  0.008,  0.   , ..., -0.008,  0.008, -0.008]))",177.2018642425537
45,97.387039,179.9292070865631,"(array([-0.0246 , -0.02458, -0.02456, ...,  0.02534,  0.02536,  0.02538]), array([-4., -4., -4., ...,  4.,  4.,  4.]))",180.49816870689392,"(array([-0.0246 , -0.02458, -0.02456, ...,  0.02534,  0.02536,  0.02538]), array([0., 0., 0., ..., 0., 0., 0.]))",181.14205765724182
46,97.833774,183.84160566329956,"(array([-0.0246 , -0.02458, -0.02456, ...,  0.02534,  0.02536,  0.02538]), array([-4., -4., -4., ...,  4.,  4.,  4.]))",184.3422658443451,"(array([-0.0246 , -0.02458, -0.02456, ...,  0.02534,  0.02536,  0.02538]), array([ 0.   ,  0.   ,  0.008, ...,  0.   ,  0.   , -0.008]))",184.91350269317627
47,98.254783,187.3642098903656,"(array([-0.0246 , -0.02458, -0.02456, ...,  0.02534,  0.02536,  0.02538]), array([-3.84, -4.  , -4.  , ...,  4.  ,  4.  ,  4.  ]))",187.87279772758484,"(array([-0.0246 , -0.02458, -0.02456, ...,  0.02534,  0.02536,  0.02538]), array([ 0.   ,  0.008,  0.   , ...,  0.   , -0.016,  0.008]))",188.44621014595032
48,98.653373,190.88473534584045,"(array([-0.0246 , -0.02458, -0.02456, ...,  0.02534,  0.02536,  0.02538]), array([-3.92, -4.  , -4.  , ...,  4.  ,  4.  ,  4.  ]))",191.37766098976135,"(array([-0.0246 , -0.02458, -0.02456, ...,  0.02534,  0.02536,  0.02538]), array([ 0.   ,  0.   ,  0.   , ...,  0.008,  0.   , -0.008]))",191.9354112148285
49,99.027651,194.54494071006775,"(array([-0.0246 , -0.02458, -0.02456, ...,  0.02534,  0.02536,  0.02538]), array([-3.92, -4.  , -3.92, ...,  4.  ,  4.08,  4.  ]))",195.10822343826294,"(array([-0.0246 , -0.02458, -0.02456, ...,  0.02534,  0.02536,  0.02538]), array([ 0.   ,  0.   ,  0.008, ..., -0.008,  0.   , -0.008]))",195.74616384506226
50,99.383822,198.43096947669983,"(array([-0.0246 , -0.02458, -0.02456, ...,  0.02534,  0.02536,  0.02538]), array([-3.92, -4.  , -4.  , ...,  4.  ,  4.  ,  4.  ]))",198.9789378643036,"(array([-0.0246 , -0.02458, -0.02456, ...,  0.02534,  0.02536,  0.02538]), array([0., 0., 0., ..., 0., 0., 0.]))",199.6187927722931
51,99.73146,202.328675031662,"(array([-0.0246 , -0.02458, -0.02456, ...,  0.02534,  0.02536,  0.02538]), array([-3.92, -3.92, -4.  , ...,  4.  ,  4.  ,  4.  ]))",202.9230592250824,"(array([-0.0246 , -0.02458, -0.02456, ...,  0.02534,  0.02536,  0.02538]), array([0., 0., 0., ..., 0., 0., 0.]))",203.6168873310089
52,100.07233,206.5722372531891,"(array([-0.0246 , -0.02458, -0.02456, ...,  0.02534,  0.02536,  0.02538]), array([-3.92, -4.  , -4.  , ...,  4.  ,  4.  ,  4.  ]))",207.18341660499573,"(array([-0.0246 , -0.02458, -0.02456, ...,  0.02534,  0.02536,  0.02538]), array([ 0.   , -0.008,  0.008, ...,  0.   ,  0.   ,  0.   ]))",207.87461256980896
53,100.39697,210.8278567790985,"(array([-0.0246 , -0.02458, -0.02456, ...,  0.02534,  0.02536,  0.02538]), array([-4., -4., -4., ...,  4.,  4.,  4.]))",211.45588183403015,"(array([-0.0246 , -0.02458, -0.02456, ...,  0.02534,  0.02536,  0.02538]), array([ 0.   ,  0.   ,  0.008, ..., -0.008,  0.008,  0.008]))",212.1639232635498
54,100.71297,214.9802463054657,"(array([-0.0246 , -0.02458, -0.02456, ...,  0.02534,  0.02536,  0.02538]), array([-3.92, -3.92, -4.  , ...,  4.  ,  4.  ,  4.  ]))",215.54469966888428,"(array([-0.0246 , -0.02458, -0.02456, ...,  0.02534,  0.02536,  0.02538]), array([-0.008,  0.   ,  0.   , ..., -0.008,  0.008,  0.   ]))",216.20094966888428
55,101.01686,218.95876216888428,"(array([-0.0246 , -0.02458, -0.02456, ...,  0.02534,  0.02536,  0.02538]), array([-4., -4., -4., ...,  4.,  4.,  4.]))",219.52907466888428,"(array([-0.0246 , -0.02458, -0.02456, ...,  0.02534,  0.02536,  0.02538]), array([ 0.008,  0.008, -0.008, ...,  0.   ,  0.008, -0.008]))",220.1736056804657
56,101.30764,222.90895748138428,"(array([-0.0246 , -0.02458, -0.02456, ...,  0.02534,  0.02536,  0.02538]), array([-4., -4., -4., ...,  4.,  4.,  4.]))",223.47927021980286,"(array([-0.0246 , -0.02458, -0.02456, ...,  0.02534,  0.02536,  0.02538]), array([0., 0., 0., ..., 0., 0., 0.]))",224.12770771980286
57,101.58684,226.87184834480286,"(array([-0.0246 , -0.02458, -0.02456, ...,  0.02534,  0.02536,  0.02538]), array([-3.92, -3.92, -3.92, ...,  4.  ,  4.  ,  4.  ]))",227.42848896980286,"(array([-0.0246 , -0.02458, -0.02456, ...,  0.02534,  0.02536,  0.02538]), array([ 0.   , -0.008,  0.008, ...,  0.   ,  0.   ,  0.   ]))",228.07692623138428
58,101.85418,230.83425045013428,"(array([-0.0246 , -0.02458, -0.02456, ...,  0.02534,  0.02536,  0.02538]), array([-4., -4., -4., ...,  4.,  4.,  4.]))",231.4074923992157,"(array([-0.0246 , -0.02458, -0.02456, ...,  0.02534,  0.02536,  0.02538]), array([ 0.   ,  0.   , -0.008, ...,  0.   ,  0.   , -0.008]))",232.0627658367157
59,102.11189,234.81081295013428,"(array([-0.0246 , -0.02458, -0.02456, ...,  0.02534,  0.02536,  0.02538]), array([-3.92, -4.  , -4.  , ...,  4.  ,  4.  ,  4.  ]))",235.38649678230286,"(array([-0.0246 , -0.02458, -0.02456, ...,  0.02534,  0.02536,  0.02538]), array([0.008, 0.008, 0.   , ..., 0.   , 0.   , 0.   ]))",236.04323506355286
60,102.35779,238.79030513763428,"(array([-0.0246 , -0.02458, -0.02456, ...,  0.02534,  0.02536,  0.02538]), array([-4., -4., -4., ...,  4.,  4.,  4.]))",239.34108638763428,"(array([-0.0246 , -0.02458, -0.02456, ...,  0.02534,  0.02536,  0.02538]), array([-0.008,  0.   ,  0.   , ...,  0.   ,  0.   , -0.008]))",239.97585201263428
61,102.5905,242.72682857513428,"(array([-0.0246 , -0.02458, -0.02456, ...,  0.02534,  0.02536,  0.02538]), array([-3.92, -3.92, -3.92, ...,  4.  ,  4.  ,  4.  ]))",243.30251216888428,"(array([-0.0246 , -0.02458, -0.02456, ...,  0.02534,  0.02536,  0.02538]), array([ 0.   ,  0.   ,  0.   , ..., -0.008,  0.008,  0.   ]))",243.95436763763428
62,102.81493,246.69557857513428,"(array([-0.0246 , -0.02458, -0.02456, ...,  0.02534,  0.02536,  0.02538]), array([-3.92, -4.  , -4.  , ...,  4.  ,  4.  ,  4.  ]))",247.24538326263428,"(array([-0.0246 , -0.02458, -0.02456, ...,  0.02534,  0.02536,  0.02538]), array([-0.008,  0.   , -0.008, ...,  0.   ,  0.   ,  0.008]))",247.8864963054657
63,103.02919,250.64382076263428,"(array([-0.0246 , -0.02458, -0.02456, ...,  0.02534,  0.02536,  0.02538]), array([-4.  , -3.92, -3.92, ...,  4.  ,  4.  ,  4.  ]))",251.21510982513428,"(array([-0.0246 , -0.02458, -0.02456, ...,  0.02534,  0.02536,  0.02538]), array([ 0.008, -0.016,  0.008, ...,  0.008,  0.008, -0.008]))",251.86208248138428
64,103.23439,254.60280513763428,"(array([-0.0246 , -0.02458, -0.02456, ...,  0.02534,  0.02536,  0.02538]), array([-3.92, -4.  , -3.92, ...,  4.  ,  4.  ,  4.  ]))",255.17409420013428,"(array([-0.0246 , -0.02458, -0.02456, ...,  0.02534,  0.02536,  0.02538]), array([ 0.   ,  0.   ,  0.008, ...,  0.   , -0.008,  0.   ]))",255.82790279388428
65,103.43129,258.5725314617157,"(array([-0.0246 , -0.02458, -0.02456, ...,  0.02534,  0.02536,  0.02538]), array([-3.92, -3.92, -3.92, ...,  4.  ,  4.  ,  4.  ]))",259.1433324813843,"(array([-0.0246 , -0.02458, -0.02456, ...,  0.02534,  0.02536,  0.02538]), array([ 0.008, -0.008, -0.016, ...,  0.   ,  0.008,  0.   ]))",259.7863988876343
66,103.61813,262.5217504501343,"(array([-0.0246 , -0.02458, -0.02456, ...,  0.02534,  0.02536,  0.02538]), array([-4.  , -3.92, -3.92, ...,  4.  ,  4.  ,  4.  ]))",263.0803442001343,"(array([-0.0246 , -0.02458, -0.02456, ...,  0.02534,  0.02536,  0.02538]), array([ 0.   ,  0.   ,  0.   , ...,  0.008,  0.   , -0.008]))",263.7268285751343
67,103.79669,266.4782934188843,"(array([-0.0246 , -0.02458, -0.02456, ...,  0.02534,  0.02536,  0.02538]), array([-3.92, -4.  , -3.92, ...,  4.  ,  4.  ,  4.  ]))",267.0505590438843,"(array([-0.0246 , -0.02458, -0.02456, ...,  0.02534,  0.02536,  0.02538]), array([0.   , 0.   , 0.   , ..., 0.   , 0.008, 0.   ]))",267.6931371688843
68,103.96893,270.4260473251343,"(array([-0.0246 , -0.02458, -0.02456, ...,  0.02534,  0.02536,  0.02538]), array([-4., -4., -4., ...,  4.,  4.,  4.]))",270.9944067001343,"(array([-0.0246 , -0.02458, -0.02456, ...,  0.02534,  0.02536,  0.02538]), array([ 0.   , -0.008,  0.008, ...,  0.   ,  0.008,  0.   ]))",271.6350317001343
69,104.13155,274.48310565948486,"(array([-0.0246 , -0.02458, -0.02456, ...,  0.02534,  0.02536,  0.02538]), array([-3.92, -4.  , -4.  , ...,  4.  ,  4.  ,  4.  ]))",275.0970108509064,"(array([-0.0246 , -0.02458, -0.02456, ...,  0.02534,  0.02536,  0.02538]), array([0., 0., 0., ..., 0., 0., 0.]))",275.99235677719116
70,104.30017,279.20367765426636,"(array([-0.0246 , -0.02458, -0.02456, ...,  0.02534,  0.02536,  0.02538]), array([-4.  , -4.  , -3.92, ...,  4.  ,  4.  ,  4.  ]))",279.8277897834778,"(array([-0.0246 , -0.02458, -0.02456, ...,  0.02534,  0.02536,  0.02538]), array([ 0.   ,  0.   ,  0.008, ..., -0.008,  0.008,  0.   ]))",280.5373089313507
71,104.44849,283.55802941322327,"(array([-0.0246 , -0.02458, -0.02456, ...,  0.02534,  0.02536,  0.02538]), array([-3.92, -4.  , -3.92, ...,  4.  ,  4.  ,  4.  ]))",284.1733453273773,"(array([-0.0246 , -0.02458, -0.02456, ...,  0.02534,  0.02536,  0.02538]), array([0., 0., 0., ..., 0., 0., 0.]))",284.8317902088165
72,104.59049,287.54221415519714,"(array([-0.0246 , -0.02458, -0.02456, ...,  0.02534,  0.02536,  0.02538]), array([-4., -4., -4., ...,  4.,  4.,  4.]))",288.1106927394867,"(array([-0.0246 , -0.02458, -0.02456, ...,  0.02534,  0.02536,  0.02538]), array([ 0.   ,  0.   ,  0.   , ...,  0.   ,  0.   , -0.008]))",288.75458121299744
73,104.7265,291.4640381336212,"(array([-0.0246 , -0.02458, -0.02456, ...,  0.02534,  0.02536,  0.02538]), array([-3.92, -4.  , -4.  , ...,  4.  ,  4.  ,  4.  ]))",292.00399589538574,"(array([-0.0246 , -0.02458, -0.02456, ...,  0.02534,  0.02536,  0.02538]), array([ 0.   ,  0.   ,  0.   , ..., -0.008,  0.008, -0.008]))",292.6382167339325
74,104.85554,295.2453444004059,"(array([-0.0246 , -0.02458, -0.02456, ...,  0.02534,  0.02536,  0.02538]), array([-4.  , -4.  , -4.  , ...,  3.92,  4.  ,  4.  ]))",295.75610756874084,"(array([-0.0246 , -0.02458, -0.02456, ...,  0.02534,  0.02536,  0.02538]), array([0., 0., 0., ..., 0., 0., 0.]))",296.33517575263977
75,104.97964,298.7797918319702,"(array([-0.0246 , -0.02458, -0.02456, ...,  0.02534,  0.02536,  0.02538]), array([-3.92, -4.  , -3.92, ...,  4.  ,  4.  ,  4.  ]))",299.2853343486786,"(array([-0.0246 , -0.02458, -0.02456, ...,  0.02534,  0.02536,  0.02538]), array([ 0.   , -0.008,  0.008, ...,  0.   ,  0.   ,  0.   ]))",299.85744166374207
76,105.09786,302.3037979602814,"(array([-0.0246 , -0.02458, -0.02456, ...,  0.02534,  0.02536,  0.02538]), array([-3.92, -4.  , -3.92, ...,  4.  ,  4.  ,  4.  ]))",302.81891226768494,"(array([-0.0246 , -0.02458, -0.02456, ...,  0.02534,  0.02536,  0.02538]), array([-0.008,  0.   ,  0.   , ..., -0.008,  0.   ,  0.   ]))",303.4243929386139
