,resistencia,marca_temporal_resistencia,tension_1,marca_temporal_tension_1,tension_2,marca_temporal_tension_2
0,19.979239,0.2526876926422119,"(array([-0.0246 , -0.02458, -0.02456, ...,  0.02534,  0.02536,  0.02538]), array([-6.56, -6.56, -6.56, ...,  6.64,  6.56,  6.56]))",0.8365490436553955,"(array([-0.0246 , -0.02458, -0.02456, ...,  0.02534,  0.02536,  0.02538]), array([-0.008,  0.008,  0.008, ...,  0.   , -0.008,  0.   ]))",1.4787967205047607
1,20.10802,4.356299877166748,"(array([-0.0246 , -0.02458, -0.02456, ...,  0.02534,  0.02536,  0.02538]), array([-6.56, -6.56, -6.56, ...,  6.64,  6.64,  6.56]))",4.967479467391968,"(array([-0.0246 , -0.02458, -0.02456, ...,  0.02534,  0.02536,  0.02538]), array([ 0.   , -0.008,  0.   , ...,  0.   ,  0.008,  0.   ]))",5.66288685798645
2,20.493864,8.651927709579468,"(array([-0.0246 , -0.02458, -0.02456, ...,  0.02534,  0.02536,  0.02538]), array([-6.56, -6.48, -6.56, ...,  6.56,  6.56,  6.64]))",9.265212774276733,"(array([-0.0246 , -0.02458, -0.02456, ...,  0.02534,  0.02536,  0.02538]), array([ 0.   ,  0.   , -0.008, ...,  0.   ,  0.   ,  0.   ]))",9.95851445198059
3,22.156169,12.93597412109375,"(array([-0.0246 , -0.02458, -0.02456, ...,  0.02534,  0.02536,  0.02538]), array([-6.56, -6.56, -6.56, ...,  6.56,  6.56,  6.56]))",13.50946593284607,"(array([-0.0246 , -0.02458, -0.02456, ...,  0.02534,  0.02536,  0.02538]), array([ 0.   ,  0.   ,  0.   , ...,  0.008, -0.008,  0.   ]))",14.155919075012207
4,27.129666,16.937169075012207,"(array([-0.0246 , -0.02458, -0.02456, ...,  0.02534,  0.02536,  0.02538]), array([-6.56, -6.56, -6.56, ...,  6.56,  6.56,  6.56]))",17.485996961593628,"(array([-0.0246 , -0.02458, -0.02456, ...,  0.02534,  0.02536,  0.02538]), array([ 0.   , -0.008,  0.   , ...,  0.   ,  0.   ,  0.016]))",18.126621961593628
5,32.58774,20.911778211593628,"(array([-0.0246 , -0.02458, -0.02456, ...,  0.02534,  0.02536,  0.02538]), array([-6.56, -6.56, -6.56, ...,  6.64,  6.64,  6.56]))",21.464512586593628,"(array([-0.0246 , -0.02458, -0.02456, ...,  0.02534,  0.02536,  0.02538]), array([-0.008,  0.   ,  0.016, ...,  0.   ,  0.   ,  0.   ]))",22.109044075012207
6,38.085697,24.898106575012207,"(array([-0.0246 , -0.02458, -0.02456, ...,  0.02534,  0.02536,  0.02538]), array([-6.56, -6.56, -6.56, ...,  6.64,  6.64,  6.56]))",25.470372200012207,"(array([-0.0246 , -0.02458, -0.02456, ...,  0.02534,  0.02536,  0.02538]), array([ 0.   ,  0.008, -0.008, ..., -0.008,  0.008,  0.   ]))",26.116856575012207
7,43.038735,28.889317512512207,"(array([-0.0246 , -0.02458, -0.02456, ...,  0.02534,  0.02536,  0.02538]), array([-6.56, -6.56, -6.56, ...,  6.64,  6.64,  6.64]))",29.465489387512207,"(array([-0.0246 , -0.02458, -0.02456, ...,  0.02534,  0.02536,  0.02538]), array([-0.008, -0.008, -0.024, ...,  0.   ,  0.008,  0.   ]))",30.117833137512207
8,47.364995,32.88931751251221,"(array([-0.0246 , -0.02458, -0.02456, ...,  0.02534,  0.02536,  0.02538]), array([-6.64, -6.56, -6.64, ...,  6.64,  6.64,  6.64]))",33.44595813751221,"(array([-0.0246 , -0.02458, -0.02456, ...,  0.02534,  0.02536,  0.02538]), array([0.008, 0.   , 0.   , ..., 0.   , 0.   , 0.008]))",34.09048938751221
9,51.194492,36.87369251251221,"(array([-0.0246 , -0.02458, -0.02456, ...,  0.02534,  0.02536,  0.02538]), array([-6.64, -6.56, -6.56, ...,  6.64,  6.64,  6.64]))",37.42252063751221,"(array([-0.0246 , -0.02458, -0.02456, ...,  0.02534,  0.02536,  0.02538]), array([ 0.   ,  0.   ,  0.008, ...,  0.   , -0.008,  0.   ]))",38.06949329376221
10,54.625359,40.86295008659363,"(array([-0.0246 , -0.02458, -0.02456, ...,  0.02534,  0.02536,  0.02538]), array([-6.64, -6.56, -6.56, ...,  6.72,  6.64,  6.64]))",41.41226673126221,"(array([-0.0246 , -0.02458, -0.02456, ...,  0.02534,  0.02536,  0.02538]), array([ 0.   ,  0.008,  0.008, ...,  0.   , -0.008,  0.   ]))",42.05142664909363
11,57.710223,44.83658313751221,"(array([-0.0246 , -0.02458, -0.02456, ...,  0.02534,  0.02536,  0.02538]), array([-6.64, -6.64, -6.56, ...,  6.64,  6.64,  6.64]))",45.40494251251221,"(array([-0.0246 , -0.02458, -0.02456, ...,  0.02534,  0.02536,  0.02538]), array([ 0.   ,  0.   ,  0.008, ..., -0.008,  0.008,  0.   ]))",46.04410243034363
12,60.523458,48.80826282501221,"(array([-0.0246 , -0.02458, -0.02456, ...,  0.02534,  0.02536,  0.02538]), array([-6.56, -6.56, -6.56, ...,  6.64,  6.64,  6.64]))",49.36880970001221,"(array([-0.0246 , -0.02458, -0.02456, ...,  0.02534,  0.02536,  0.02538]), array([ 0.   ,  0.008, -0.008, ...,  0.   ,  0.   ,  0.   ]))",50.00748157501221
13,63.101776,52.77896571159363,"(array([-0.0246 , -0.02458, -0.02456, ...,  0.02534,  0.02536,  0.02538]), array([-6.56, -6.64, -6.56, ...,  6.64,  6.64,  6.64]))",53.33755970001221,"(array([-0.0246 , -0.02458, -0.02456, ...,  0.02534,  0.02536,  0.02538]), array([ 0.008,  0.008, -0.008, ...,  0.   ,  0.008, -0.008]))",53.98795032501221
14,65.511246,56.77408313751221,"(array([-0.0246 , -0.02458, -0.02456, ...,  0.02534,  0.02536,  0.02538]), array([-6.56, -6.56, -6.56, ...,  6.64,  6.64,  6.64]))",57.32877039909363,"(array([-0.0246 , -0.02458, -0.02456, ...,  0.02534,  0.02536,  0.02538]), array([-0.008,  0.   ,  0.   , ..., -0.008,  0.   , -0.008]))",57.97330164909363
15,67.738685,60.75650477409363,"(array([-0.0246 , -0.02458, -0.02456, ...,  0.02534,  0.02536,  0.02538]), array([-6.56, -6.64, -6.56, ...,  6.56,  6.64,  6.64]))",61.33072352409363,"(array([-0.0246 , -0.02458, -0.02456, ...,  0.02534,  0.02536,  0.02538]), array([ 0.008, -0.008, -0.008, ...,  0.   , -0.008,  0.008]))",61.98355555534363
16,69.826817,64.7584581375122,"(array([-0.0246 , -0.02458, -0.02456, ...,  0.02534,  0.02536,  0.02538]), array([-6.56, -6.56, -6.64, ...,  6.64,  6.64,  6.64]))",65.3248643875122,"(array([-0.0246 , -0.02458, -0.02456, ...,  0.02534,  0.02536,  0.02538]), array([0.   , 0.008, 0.   , ..., 0.   , 0.008, 0.008]))",65.9654893875122
17,71.769142,68.7369737625122,"(array([-0.0246 , -0.02458, -0.02456, ...,  0.02534,  0.02536,  0.02538]), array([-6.56, -6.56, -6.64, ...,  6.64,  6.64,  6.64]))",69.3092393875122,"(array([-0.0246 , -0.02458, -0.02456, ...,  0.02534,  0.02536,  0.02538]), array([ 0.   ,  0.008,  0.   , ...,  0.008,  0.   , -0.008]))",69.9557237625122
18,73.594209,72.7281847000122,"(array([-0.0246 , -0.02458, -0.02456, ...,  0.02534,  0.02536,  0.02538]), array([-6.64, -6.56, -6.64, ...,  6.64,  6.64,  6.64]))",73.2945909500122,"(array([-0.0246 , -0.02458, -0.02456, ...,  0.02534,  0.02536,  0.02538]), array([0.   , 0.008, 0.   , ..., 0.   , 0.008, 0.008]))",73.9274034500122
19,75.290628,76.6891222000122,"(array([-0.0246 , -0.02458, -0.02456, ...,  0.02534,  0.02536,  0.02538]), array([-6.64, -6.56, -6.56, ...,  6.64,  6.64,  6.64]))",77.24185633659363,"(array([-0.0246 , -0.02458, -0.02456, ...,  0.02534,  0.02536,  0.02538]), array([ 0.   ,  0.008, -0.008, ...,  0.008, -0.008,  0.   ]))",77.89078211784363
20,76.892934,80.68033289909363,"(array([-0.0246 , -0.02458, -0.02456, ...,  0.02534,  0.02536,  0.02538]), array([-6.64, -6.56, -6.64, ...,  6.64,  6.64,  6.64]))",81.25455164909363,"(array([-0.0246 , -0.02458, -0.02456, ...,  0.02534,  0.02536,  0.02538]), array([ 0.   , -0.008,  0.008, ..., -0.008, -0.008,  0.008]))",81.90103602409363
21,78.402774,84.79235291481018,"(array([-0.0246 , -0.02458, -0.02456, ...,  0.02534,  0.02536,  0.02538]), array([-6.56, -6.64, -6.56, ...,  6.64,  6.64,  6.56]))",85.42453408241272,"(array([-0.0246 , -0.02458, -0.02456, ...,  0.02534,  0.02536,  0.02538]), array([ 0.008,  0.   ,  0.   , ...,  0.   , -0.008,  0.   ]))",86.13244843482971
22,79.816006,89.170893907547,"(array([-0.0246 , -0.02458, -0.02456, ...,  0.02534,  0.02536,  0.02538]), array([-6.56, -6.56, -6.64, ...,  6.64,  6.64,  6.64]))",89.77944207191467,"(array([-0.0246 , -0.02458, -0.02456, ...,  0.02534,  0.02536,  0.02538]), array([ 0.   , -0.008,  0.   , ...,  0.008,  0.   ,  0.   ]))",90.49595022201538
23,81.14865,93.56554818153381,"(array([-0.0246 , -0.02458, -0.02456, ...,  0.02534,  0.02536,  0.02538]), array([-6.56, -6.56, -6.56, ...,  6.56,  6.64,  6.64]))",94.19149875640869,"(array([-0.0246 , -0.02458, -0.02456, ...,  0.02534,  0.02536,  0.02538]), array([-0.008,  0.008,  0.008, ...,  0.   ,  0.008,  0.   ]))",94.86219000816345
24,82.411745,97.60355162620544,"(array([-0.0246 , -0.02458, -0.02456, ...,  0.02534,  0.02536,  0.02538]), array([-6.56, -6.56, -6.56, ...,  6.64,  6.64,  6.64]))",98.15462756156921,"(array([-0.0246 , -0.02458, -0.02456, ...,  0.02534,  0.02536,  0.02538]), array([-0.008,  0.   ,  0.   , ...,  0.008,  0.008,  0.   ]))",98.79126524925232
25,83.596614,101.54712867736816,"(array([-0.0246 , -0.02458, -0.02456, ...,  0.02534,  0.02536,  0.02538]), array([-6.56, -6.56, -6.48, ...,  6.56,  6.56,  6.56]))",102.10787272453308,"(array([-0.0246 , -0.02458, -0.02456, ...,  0.02534,  0.02536,  0.02538]), array([-0.008, -0.008,  0.008, ..., -0.008,  0.008,  0.016]))",102.74451065063477
26,84.722366,105.37575936317444,"(array([-0.0246 , -0.02458, -0.02456, ...,  0.02534,  0.02536,  0.02538]), array([-6.48, -6.48, -6.48, ...,  6.56,  6.56,  6.56]))",105.87216591835022,"(array([-0.0246 , -0.02458, -0.02456, ...,  0.02534,  0.02536,  0.02538]), array([ 0.   ,  0.   ,  0.   , ...,  0.008,  0.   , -0.008]))",106.44775366783142
27,85.789784,108.93021988868713,"(array([-0.0246 , -0.02458, -0.02456, ...,  0.02534,  0.02536,  0.02538]), array([-6.56, -6.48, -6.56, ...,  6.56,  6.56,  6.56]))",109.43880796432495,"(array([-0.0246 , -0.02458, -0.02456, ...,  0.02534,  0.02536,  0.02538]), array([ 0.   , -0.008,  0.   , ...,  0.008, -0.008, -0.008]))",110.16927790641785
28,86.883866,112.79313969612122,"(array([-0.0246 , -0.02458, -0.02456, ...,  0.02534,  0.02536,  0.02538]), array([-6.48, -6.56, -6.48, ...,  6.56,  6.56,  6.56]))",113.30642867088318,"(array([-0.0246 , -0.02458, -0.02456, ...,  0.02534,  0.02536,  0.02538]), array([ 0.008,  0.008, -0.008, ..., -0.008,  0.   , -0.008]))",113.93288207054138
29,87.952706,116.6679379940033,"(array([-0.0246 , -0.02458, -0.02456, ...,  0.02534,  0.02536,  0.02538]), array([-6.48, -6.48, -6.56, ...,  6.56,  6.56,  6.56]))",117.22499942779541,"(array([-0.0246 , -0.02458, -0.02456, ...,  0.02534,  0.02536,  0.02538]), array([0.   , 0.008, 0.008, ..., 0.008, 0.016, 0.   ]))",117.85911107063293
30,88.763704,120.57741713523865,"(array([-0.0246 , -0.02458, -0.02456, ...,  0.02534,  0.02536,  0.02538]), array([-6.48, -6.56, -6.56, ...,  6.56,  6.56,  6.56]))",121.13926410675049,"(array([-0.0246 , -0.02458, -0.02456, ...,  0.02534,  0.02536,  0.02538]), array([0.   , 0.   , 0.   , ..., 0.   , 0.008, 0.008]))",121.7772045135498
31,89.636211,124.64370226860046,"(array([-0.0246 , -0.02458, -0.02456, ...,  0.02534,  0.02536,  0.02538]), array([-6.48, -6.48, -6.48, ...,  6.56,  6.48,  6.56]))",125.2633044719696,"(array([-0.0246 , -0.02458, -0.02456, ...,  0.02534,  0.02536,  0.02538]), array([ 0.   ,  0.   ,  0.   , ...,  0.   , -0.008,  0.008]))",125.96081757545471
32,90.445742,128.94985842704773,"(array([-0.0246 , -0.02458, -0.02456, ...,  0.02534,  0.02536,  0.02538]), array([-6.48, -6.48, -6.48, ...,  6.56,  6.48,  6.56]))",129.56577563285828,"(array([-0.0246 , -0.02458, -0.02456, ...,  0.02534,  0.02536,  0.02538]), array([ 0.   ,  0.008,  0.008, ...,  0.008,  0.   , -0.008]))",130.26592087745667
33,91.226536,133.2591733932495,"(array([-0.0246 , -0.02458, -0.02456, ...,  0.02534,  0.02536,  0.02538]), array([-6.48, -6.48, -6.48, ...,  6.56,  6.56,  6.56]))",133.8540575504303,"(array([-0.0246 , -0.02458, -0.02456, ...,  0.02534,  0.02536,  0.02538]), array([-0.008, -0.008,  0.   , ..., -0.008,  0.   ,  0.008]))",134.50987935066223
34,91.968624,137.28136372566223,"(array([-0.0246 , -0.02458, -0.02456, ...,  0.02534,  0.02536,  0.02538]), array([-6.48, -6.48, -6.48, ...,  6.56,  6.56,  6.48]))",137.85362935066223,"(array([-0.0246 , -0.02458, -0.02456, ...,  0.02534,  0.02536,  0.02538]), array([-0.008,  0.   ,  0.008, ...,  0.008,  0.008,  0.   ]))",138.50401997566223
35,92.67679,141.27355122566223,"(array([-0.0246 , -0.02458, -0.02456, ...,  0.02534,  0.02536,  0.02538]), array([-6.48, -6.64, -6.48, ...,  6.56,  6.56,  6.56]))",141.82433247566223,"(array([-0.0246 , -0.02458, -0.02456, ...,  0.02534,  0.02536,  0.02538]), array([ 0.008, -0.008,  0.008, ...,  0.   ,  0.   ,  0.   ]))",142.46691060066223
36,93.350437,145.25401997566223,"(array([-0.0246 , -0.02458, -0.02456, ...,  0.02534,  0.02536,  0.02538]), array([-6.48, -6.48, -6.48, ...,  6.56,  6.56,  6.56]))",145.80870747566223,"(array([-0.0246 , -0.02458, -0.02456, ...,  0.02534,  0.02536,  0.02538]), array([-0.008,  0.008,  0.008, ...,  0.   ,  0.008,  0.008]))",146.46105122566223
37,93.995528,149.25499653816223,"(array([-0.0246 , -0.02458, -0.02456, ...,  0.02534,  0.02536,  0.02538]), array([-6.48, -6.48, -6.48, ...,  6.48,  6.56,  6.56]))",149.81456685066223,"(array([-0.0246 , -0.02458, -0.02456, ...,  0.02534,  0.02536,  0.02538]), array([ 0.   , -0.024,  0.   , ...,  0.008,  0.   ,  0.   ]))",150.47862935066223
38,94.596663,153.27745747566223,"(array([-0.0246 , -0.02458, -0.02456, ...,  0.02534,  0.02536,  0.02538]), array([-6.48, -6.64, -6.48, ...,  6.56,  6.56,  6.56]))",153.84776997566223,"(array([-0.0246 , -0.02458, -0.02456, ...,  0.02534,  0.02536,  0.02538]), array([ 0.   ,  0.   ,  0.008, ..., -0.008, -0.008,  0.   ]))",154.49425435066223
39,95.169604,157.26573872566223,"(array([-0.0246 , -0.02458, -0.02456, ...,  0.02534,  0.02536,  0.02538]), array([-6.48, -6.56, -6.48, ...,  6.56,  6.56,  6.56]))",157.81847310066223,"(array([-0.0246 , -0.02458, -0.02456, ...,  0.02534,  0.02536,  0.02538]), array([ 0.   , -0.008, -0.008, ..., -0.008,  0.   ,  0.008]))",158.46153950691223
40,95.713221,161.24913716316223,"(array([-0.0246 , -0.02458, -0.02456, ...,  0.02534,  0.02536,  0.02538]), array([-6.48, -6.48, -6.48, ...,  6.56,  6.56,  6.56]))",161.81749653816223,"(array([-0.0246 , -0.02458, -0.02456, ...,  0.02534,  0.02536,  0.02538]), array([ 0.   , -0.008,  0.   , ...,  0.008,  0.   ,  0.016]))",162.46398091316223
41,96.231113,165.23448872566223,"(array([-0.0246 , -0.02458, -0.02456, ...,  0.02534,  0.02536,  0.02538]), array([-6.48, -6.56, -6.48, ...,  6.56,  6.56,  6.48]))",165.78526997566223,"(array([-0.0246 , -0.02458, -0.02456, ...,  0.02534,  0.02536,  0.02538]), array([0.   , 0.   , 0.   , ..., 0.   , 0.   , 0.008]))",166.42589497566223
42,96.722436,169.21105122566223,"(array([-0.0246 , -0.02458, -0.02456, ...,  0.02534,  0.02536,  0.02538]), array([-6.48, -6.48, -6.56, ...,  6.56,  6.56,  6.56]))",169.76769185066223,"(array([-0.0246 , -0.02458, -0.02456, ...,  0.02534,  0.02536,  0.02538]), array([ 0.   ,  0.   ,  0.   , ...,  0.   ,  0.   , -0.008]))",170.41222310066223
43,97.194783,173.19151997566223,"(array([-0.0246 , -0.02458, -0.02456, ...,  0.02534,  0.02536,  0.02538]), array([-6.56, -6.48, -6.48, ...,  6.56,  6.56,  6.56]))",173.75987935066223,"(array([-0.0246 , -0.02458, -0.02456, ...,  0.02534,  0.02536,  0.02538]), array([0.008, 0.008, 0.   , ..., 0.   , 0.   , 0.   ]))",174.41466450691223
44,97.650649,177.19249653816223,"(array([-0.0246 , -0.02458, -0.02456, ...,  0.02534,  0.02536,  0.02538]), array([-6.56, -6.48, -6.56, ...,  6.56,  6.56,  6.56]))",177.74913716316223,"(array([-0.0246 , -0.02458, -0.02456, ...,  0.02534,  0.02536,  0.02538]), array([ 0.008,  0.016, -0.008, ...,  0.008,  0.   , -0.008]))",178.39562153816223
45,98.086739,181.18077778816223,"(array([-0.0246 , -0.02458, -0.02456, ...,  0.02534,  0.02536,  0.02538]), array([-6.56, -6.56, -6.48, ...,  6.56,  6.56,  6.56]))",181.73595356941223,"(array([-0.0246 , -0.02458, -0.02456, ...,  0.02534,  0.02536,  0.02538]), array([ 0.   ,  0.   ,  0.008, ...,  0.008,  0.008, -0.008]))",182.38292622566223
46,98.500072,185.16808247566223,"(array([-0.0246 , -0.02458, -0.02456, ...,  0.02534,  0.02536,  0.02538]), array([-6.48, -6.56, -6.56, ...,  6.64,  6.56,  6.64]))",185.71739888191223,"(array([-0.0246 , -0.02458, -0.02456, ...,  0.02534,  0.02536,  0.02538]), array([0.   , 0.008, 0.   , ..., 0.008, 0.   , 0.   ]))",186.35851216316223
47,98.891007,189.14366841316223,"(array([-0.0246 , -0.02458, -0.02456, ...,  0.02534,  0.02536,  0.02538]), array([-6.48, -6.48, -6.48, ...,  6.48,  6.56,  6.56]))",189.69444966316223,"(array([-0.0246 , -0.02458, -0.02456, ...,  0.02534,  0.02536,  0.02538]), array([ 0.   , -0.008,  0.008, ..., -0.008,  0.008, -0.008]))",190.33702778816223
48,99.262831,193.12413716316223,"(array([-0.0246 , -0.02458, -0.02456, ...,  0.02534,  0.02536,  0.02538]), array([-6.48, -6.56, -6.48, ...,  6.56,  6.56,  6.56]))",193.70030903816223,"(array([-0.0246 , -0.02458, -0.02456, ...,  0.02534,  0.02536,  0.02538]), array([ 0.   ,  0.   , -0.016, ..., -0.008, -0.008,  0.008]))",194.34874653816223
49,99.61483,197.11730122566223,"(array([-0.0246 , -0.02458, -0.02456, ...,  0.02534,  0.02536,  0.02538]), array([-6.56, -6.48, -6.56, ...,  6.56,  6.56,  6.56]))",197.69151997566223,"(array([-0.0246 , -0.02458, -0.02456, ...,  0.02534,  0.02536,  0.02538]), array([ 0.008,  0.008,  0.   , ..., -0.016,  0.008, -0.008]))",198.34386372566223
50,99.968471,201.11730122566223,"(array([-0.0246 , -0.02458, -0.02456, ...,  0.02534,  0.02536,  0.02538]), array([-6.48, -6.56, -6.56, ...,  6.56,  6.56,  6.56]))",201.67589497566223,"(array([-0.0246 , -0.02458, -0.02456, ...,  0.02534,  0.02536,  0.02538]), array([0.008, 0.   , 0.   , ..., 0.   , 0.   , 0.   ]))",202.32433247566223
51,100.3034,205.10753560066223,"(array([-0.0246 , -0.02458, -0.02456, ...,  0.02534,  0.02536,  0.02538]), array([-6.56, -6.48, -6.56, ...,  6.64,  6.56,  6.4 ]))",205.67589497566223,"(array([-0.0246 , -0.02458, -0.02456, ...,  0.02534,  0.02536,  0.02538]), array([ 0.008,  0.008, -0.008, ...,  0.   ,  0.   ,  0.   ]))",206.31847310066223
52,100.27182,209.08409810066223,"(array([-0.0246 , -0.02458, -0.02456, ...,  0.02534,  0.02536,  0.02538]), array([-6.56, -6.48, -6.56, ...,  6.56,  6.56,  6.56]))",209.63927388191223,"(array([-0.0246 , -0.02458, -0.02456, ...,  0.02534,  0.02536,  0.02538]), array([ 0.   ,  0.   , -0.008, ..., -0.008,  0.   , -0.008]))",210.28819966316223
53,100.96477,213.07530903816223,"(array([-0.0246 , -0.02458, -0.02456, ...,  0.02534,  0.02536,  0.02538]), array([-6.48, -6.48, -6.48, ...,  6.56,  6.56,  6.56]))",213.63390278816223,"(array([-0.0246 , -0.02458, -0.02456, ...,  0.02534,  0.02536,  0.02538]), array([0.   , 0.   , 0.008, ..., 0.   , 0.008, 0.008]))",214.28038716316223
54,101.24203,217.06651997566223,"(array([-0.0246 , -0.02458, -0.02456, ...,  0.02534,  0.02536,  0.02538]), array([-6.56, -6.56, -6.56, ...,  6.56,  6.56,  6.56]))",217.64269185066223,"(array([-0.0246 , -0.02458, -0.02456, ...,  0.02534,  0.02536,  0.02538]), array([ 0.   , -0.008,  0.   , ..., -0.008, -0.008,  0.   ]))",218.28722310066223
55,101.52601,221.05284810066223,"(array([-0.0246 , -0.02458, -0.02456, ...,  0.02534,  0.02536,  0.02538]), array([-6.56, -6.48, -6.48, ...,  6.56,  6.56,  6.56]))",221.63341450691223,"(array([-0.0246 , -0.02458, -0.02456, ...,  0.02534,  0.02536,  0.02538]), array([ 0.008,  0.   ,  0.   , ...,  0.008, -0.008, -0.008]))",222.28819966316223
56,101.8053,225.17853951454163,"(array([-0.0246 , -0.02458, -0.02456, ...,  0.02534,  0.02536,  0.02538]), array([-6.48, -6.48, -6.64, ...,  6.56,  6.56,  6.56]))",225.78923630714417,"(array([-0.0246 , -0.02458, -0.02456, ...,  0.02534,  0.02536,  0.02538]), array([ 0.   , -0.008, -0.008, ..., -0.008, -0.008,  0.   ]))",226.50198459625244
57,102.08961,229.56889700889587,"(array([-0.0246 , -0.02458, -0.02456, ...,  0.02534,  0.02536,  0.02538]), array([-6.56, -6.56, -6.48, ...,  6.48,  6.56,  6.56]))",230.17529702186584,"(array([-0.0246 , -0.02458, -0.02456, ...,  0.02534,  0.02536,  0.02538]), array([0., 0., 0., ..., 0., 0., 0.]))",230.8767659664154
58,102.32033,233.93723273277283,"(array([-0.0246 , -0.02458, -0.02456, ...,  0.02534,  0.02536,  0.02538]), array([-6.56, -6.56, -6.48, ...,  6.56,  6.56,  6.56]))",234.55534172058105,"(array([-0.0246 , -0.02458, -0.02456, ...,  0.02534,  0.02536,  0.02538]), array([0.008, 0.   , 0.008, ..., 0.   , 0.008, 0.   ]))",235.2279131412506
59,102.66032,237.97749209403992,"(array([-0.0246 , -0.02458, -0.02456, ...,  0.02534,  0.02536,  0.02538]), array([-6.56, -6.56, -6.48, ...,  6.56,  6.56,  6.56]))",238.5445203781128,"(array([-0.0246 , -0.02458, -0.02456, ...,  0.02534,  0.02536,  0.02538]), array([0.   , 0.   , 0.008, ..., 0.   , 0.008, 0.   ]))",239.183091878891
60,102.77397,241.92203640937805,"(array([-0.0246 , -0.02458, -0.02456, ...,  0.02534,  0.02536,  0.02538]), array([-6.56, -6.48, -6.56, ...,  6.56,  6.48,  6.64]))",242.4813301563263,"(array([-0.0246 , -0.02458, -0.02456, ...,  0.02534,  0.02536,  0.02538]), array([-0.008,  0.008,  0.008, ..., -0.008,  0.008,  0.008]))",243.11216711997986
61,102.99308,245.73838019371033,"(array([-0.0246 , -0.02458, -0.02456, ...,  0.02534,  0.02536,  0.02538]), array([-6.56, -6.48, -6.48, ...,  6.56,  6.56,  6.56]))",246.23172688484192,"(array([-0.0246 , -0.02458, -0.02456, ...,  0.02534,  0.02536,  0.02538]), array([ 0.   ,  0.   ,  0.   , ..., -0.008,  0.008,  0.008]))",246.80077242851257
62,103.19527,249.27751207351685,"(array([-0.0246 , -0.02458, -0.02456, ...,  0.02534,  0.02536,  0.02538]), array([-6.48, -6.48, -6.56, ...,  6.56,  6.48,  6.56]))",249.7904360294342,"(array([-0.0246 , -0.02458, -0.02456, ...,  0.02534,  0.02536,  0.02538]), array([ 0.008, -0.008, -0.008, ...,  0.008,  0.   ,  0.   ]))",250.3707926273346
63,103.39328,252.83752608299255,"(array([-0.0246 , -0.02458, -0.02456, ...,  0.02534,  0.02536,  0.02538]), array([-6.56, -6.48, -6.48, ...,  6.56,  6.56,  6.56]))",253.32782745361328,"(array([-0.0246 , -0.02458, -0.02456, ...,  0.02534,  0.02536,  0.02538]), array([ 0.   ,  0.   ,  0.   , ...,  0.   , -0.008,  0.   ]))",254.08741998672485
64,103.59417,256.97573041915894,"(array([-0.0246 , -0.02458, -0.02456, ...,  0.02534,  0.02536,  0.02538]), array([-6.56, -6.56, -6.56, ...,  6.56,  6.56,  6.56]))",257.51936316490173,"(array([-0.0246 , -0.02458, -0.02456, ...,  0.02534,  0.02536,  0.02538]), array([0.   , 0.008, 0.008, ..., 0.   , 0.   , 0.   ]))",258.1515278816223
65,103.76885,260.8797414302826,"(array([-0.0246 , -0.02458, -0.02456, ...,  0.02534,  0.02536,  0.02538]), array([-6.48, -6.56, -6.48, ...,  6.56,  6.56,  6.56]))",261.42337441444397,"(array([-0.0246 , -0.02458, -0.02456, ...,  0.02534,  0.02536,  0.02538]), array([0.016, 0.008, 0.   , ..., 0.   , 0.   , 0.008]))",262.05362462997437
66,103.94071,264.9123728275299,"(array([-0.0246 , -0.02458, -0.02456, ...,  0.02534,  0.02536,  0.02538]), array([-6.48, -6.56, -6.56, ...,  6.56,  6.56,  6.56]))",265.5261552333832,"(array([-0.0246 , -0.02458, -0.02456, ...,  0.02534,  0.02536,  0.02538]), array([0.   , 0.008, 0.   , ..., 0.   , 0.   , 0.   ]))",266.2210030555725
67,104.10144,269.20727038383484,"(array([-0.0246 , -0.02458, -0.02456, ...,  0.02534,  0.02536,  0.02538]), array([-6.56, -6.48, -6.56, ...,  6.56,  6.56,  6.56]))",269.8273694515228,"(array([-0.0246 , -0.02458, -0.02456, ...,  0.02534,  0.02536,  0.02538]), array([ 0.   , -0.016,  0.   , ...,  0.   ,  0.   ,  0.   ]))",270.5280079841614
68,104.25562,273.5142750740051,"(array([-0.0246 , -0.02458, -0.02456, ...,  0.02534,  0.02536,  0.02538]), array([-6.56, -6.48, -6.48, ...,  6.56,  6.56,  6.56]))",274.11838245391846,"(array([-0.0246 , -0.02458, -0.02456, ...,  0.02534,  0.02536,  0.02538]), array([ 0.008,  0.   ,  0.   , ..., -0.008,  0.   ,  0.   ]))",274.78392815589905
69,104.41863,277.55980682373047,"(array([-0.0246 , -0.02458, -0.02456, ...,  0.02534,  0.02536,  0.02538]), array([-6.56, -6.56, -6.56, ...,  6.56,  6.64,  6.56]))",278.10668206214905,"(array([-0.0246 , -0.02458, -0.02456, ...,  0.02534,  0.02536,  0.02538]), array([0.   , 0.008, 0.   , ..., 0.008, 0.   , 0.   ]))",278.74340081214905
70,104.57132,281.52660393714905,"(array([-0.0246 , -0.02458, -0.02456, ...,  0.02534,  0.02536,  0.02538]), array([-6.56, -6.48, -6.48, ...,  6.56,  6.56,  6.64]))",282.10472869873047,"(array([-0.0246 , -0.02458, -0.02456, ...,  0.02534,  0.02536,  0.02538]), array([0.   , 0.   , 0.   , ..., 0.008, 0.   , 0.008]))",282.75511956214905
71,104.70292,285.51879143714905,"(array([-0.0246 , -0.02458, -0.02456, ...,  0.02534,  0.02536,  0.02538]), array([-6.56, -6.48, -6.48, ...,  6.48,  6.56,  6.56]))",286.07933831214905,"(array([-0.0246 , -0.02458, -0.02456, ...,  0.02534,  0.02536,  0.02538]), array([ 0.   , -0.008,  0.008, ...,  0.   ,  0.008, -0.008]))",286.72582268714905
72,104.80057,289.50218987464905,"(array([-0.0246 , -0.02458, -0.02456, ...,  0.02534,  0.02536,  0.02538]), array([-6.48, -6.48, -6.56, ...,  6.56,  6.56,  6.56]))",290.07494378089905,"(array([-0.0246 , -0.02458, -0.02456, ...,  0.02534,  0.02536,  0.02538]), array([0.   , 0.008, 0.   , ..., 0.   , 0.   , 0.   ]))",290.72386956214905
73,104.92318,293.49340081214905,"(array([-0.0246 , -0.02458, -0.02456, ...,  0.02534,  0.02536,  0.02538]), array([-6.56, -6.48, -6.56, ...,  6.56,  6.56,  6.56]))",294.07152581214905,"(array([-0.0246 , -0.02458, -0.02456, ...,  0.02534,  0.02536,  0.02538]), array([0.   , 0.   , 0.008, ..., 0.008, 0.008, 0.008]))",294.72191643714905
74,105.0396,297.48754143714905,"(array([-0.0246 , -0.02458, -0.02456, ...,  0.02534,  0.02536,  0.02538]), array([-6.64, -6.64, -6.64, ...,  6.64,  6.64,  6.64]))",298.04662346839905,"(array([-0.0246 , -0.02458, -0.02456, ...,  0.02534,  0.02536,  0.02538]), array([ 0.   ,  0.008,  0.   , ..., -0.008,  0.   ,  0.008]))",298.69164299964905
75,105.14896,301.47093987464905,"(array([-0.0246 , -0.02458, -0.02456, ...,  0.02534,  0.02536,  0.02538]), array([-6.64, -6.64, -6.56, ...,  6.64,  6.64,  6.64]))",302.03783440589905,"(array([-0.0246 , -0.02458, -0.02456, ...,  0.02534,  0.02536,  0.02538]), array([ 0.008, -0.016, -0.008, ...,  0.   ,  0.008,  0.   ]))",302.67748284339905
